-0.18708609271523172
-0.18635607321131453
-0.18543046357615886
-0.1797004991680533
-0.17715231788079464
-0.17715231788079464
-0.17715231788079464
-0.17637271214642264
-0.17637271214642264
-0.17549668874172186
-0.17549668874172186
-0.1747088186356073
-0.173841059602649
-0.173841059602649
-0.17218543046357618
-0.17142857142857137
-0.17138103161397678
-0.17052980132450327
-0.16992481203007515
-0.16992481203007515
-0.1680532445923461
-0.1680532445923461
-0.16721854304635764
-0.16721854304635764
-0.16638935108153077
-0.16556291390728478
-0.16556291390728478
-0.16556291390728478
-0.16556291390728478
-0.16472545757071544
-0.16472545757071544
-0.16472545757071544
-0.16472545757071544
-0.16390728476821187
-0.16390728476821187
-0.16306156405990024
-0.16306156405990024
-0.16306156405990024
-0.16225165562913904
-0.16225165562913904
-0.16225165562913904
-0.16225165562913904
-0.16139767054908488
-0.16139767054908488
-0.16139767054908488
-0.16139767054908488
-0.16059602649006618
-0.16059602649006618
-0.15973377703826958
-0.15973377703826958
-0.15973377703826958
-0.15973377703826958
-0.1593984962406015
-0.1593984962406015
-0.1589403973509934
-0.1589403973509934
-0.1589403973509934
-0.1589403973509934
-0.1589403973509934
-0.15806988352745424
-0.15806988352745424
-0.15806988352745424
-0.15806988352745424
-0.15806988352745424
-0.15789473684210525
-0.15728476821192053
-0.15728476821192053
-0.15728476821192053
-0.1564059900166389
-0.1564059900166389
-0.1564059900166389
-0.1564059900166389
-0.1564059900166389
-0.156390977443609
-0.15564738292011016
-0.15564738292011016
-0.15562913907284767
-0.15562913907284767
-0.15562913907284767
-0.15562913907284767
-0.15488721804511274
-0.15474209650582368
-0.15474209650582368
-0.15474209650582368
-0.15474209650582368
-0.15474209650582368
-0.15474209650582368
-0.15474209650582368
-0.1543715846994536
-0.1543715846994536
-0.1539735099337748
-0.15307820299500835
-0.15300546448087435
-0.15231788079470193
-0.15231788079470193
-0.15231788079470193
-0.15231788079470193
-0.15231788079470193
-0.1518796992481203
-0.15163934426229508
-0.15141430948419304
-0.15141430948419304
-0.15141430948419304
-0.15141430948419304
-0.15141430948419304
-0.15141430948419304
-0.15141430948419304
-0.15086782376502006
-0.15086782376502006
-0.15086782376502006
-0.15066225165562916
-0.15066225165562916
-0.15046604527296933
-0.15046604527296933
-0.15037593984962405
-0.15037593984962405
-0.15037593984962405
-0.15037593984962405
-0.15037593984962405
-0.15013774104683186
-0.1497504159733777
-0.14913448735019968
-0.1490066225165563
-0.1488721804511278
-0.1488721804511278
-0.14876033057851237
-0.14808652246256238
-0.14808652246256238
-0.14754098360655743
-0.14736842105263154
-0.14736842105263154
-0.14736842105263154
-0.14736842105263154
-0.14736842105263154
-0.14735099337748342
-0.14735099337748342
-0.14642262895174715
-0.14617486338797817
-0.14617486338797817
-0.1460055096418732
-0.1458646616541354
-0.14569536423841056
-0.14569536423841056
-0.14569536423841056
-0.14569536423841056
-0.1455273698264353
-0.1452229299363058
-0.1450577663671375
-0.14480874316939893
-0.14475873544093182
-0.14475873544093182
-0.14475873544093182
-0.14475873544093182
-0.1443609022556391
-0.1443609022556391
-0.1443609022556391
-0.1443609022556391
-0.14403973509933768
-0.14403973509933768
-0.14394904458598723
-0.14394904458598723
-0.14380825565912114
-0.1437740693196406
-0.14325068870523405
-0.14325068870523405
-0.14309484193011648
-0.14309484193011648
-0.14309484193011648
-0.14309484193011648
-0.14309484193011648
-0.14309484193011648
-0.14285714285714285
-0.14285714285714285
-0.14285714285714285
-0.14285714285714285
-0.14285714285714285
-0.14285714285714285
-0.14285714285714285
-0.1426751592356688
-0.14247669773635138
-0.14238410596026493
-0.14238410596026493
-0.14238410596026493
-0.14238410596026493
-0.14238410596026493
-0.1420765027322405
-0.14152202937249678
-0.14143094841930115
-0.14143094841930115
-0.14143094841930115
-0.14143094841930115
-0.1413533834586466
-0.1413533834586466
-0.1413533834586466
-0.1413533834586466
-0.14114513981358182
-0.14072847682119205
-0.14072847682119205
-0.14072847682119205
-0.140495867768595
-0.140495867768595
-0.14018691588785046
-0.14018691588785046
-0.13992297817715024
-0.13984962406015033
-0.13981358189081225
-0.13976705490848584
-0.13950617283950614
-0.13950617283950614
-0.139344262295082
-0.139344262295082
-0.13911845730027542
-0.13911845730027542
-0.1390728476821192
-0.13885180240320433
-0.13865030674846623
-0.13863928112965354
-0.13848202396804252
-0.1383458646616542
-0.1383458646616542
-0.1383458646616542
-0.1383458646616542
-0.1383458646616542
-0.1383458646616542
-0.1383458646616542
-0.1383458646616542
-0.1383458646616542
-0.13827160493827165
-0.13810316139767062
-0.13810316139767062
-0.13810316139767062
-0.13797814207650275
-0.1378476420798066
-0.13774104683195584
-0.13774104683195584
-0.13774104683195584
-0.13774104683195584
-0.13742331288343562
-0.1374172185430463
-0.1374172185430463
-0.1374172185430463
-0.1368421052631579
-0.1368421052631579
-0.1368421052631579
-0.13663845223700116
-0.13661202185792348
-0.13661202185792348
-0.13661202185792348
-0.13661202185792348
-0.1364392678868553
-0.1364392678868553
-0.1364392678868553
-0.1364392678868553
-0.13636363636363627
-0.13636363636363627
-0.13636363636363627
-0.1363088057901087
-0.13630573248407646
-0.13630573248407646
-0.1361815754339119
-0.13607188703465992
-0.13607188703465992
-0.1358189081225032
-0.1358189081225032
-0.1358189081225032
-0.1358189081225032
-0.13576158940397345
-0.13576158940397345
-0.13542926239419592
-0.13533834586466165
-0.13533834586466165
-0.13524590163934433
-0.13524590163934433
-0.13524590163934433
-0.13524590163934433
-0.13524590163934433
-0.135102533172497
-0.135102533172497
-0.13503184713375788
-0.13503184713375788
-0.13498622589531678
-0.13498622589531678
-0.13498622589531678
-0.13498622589531678
-0.13498622589531678
-0.13498622589531678
-0.13498622589531678
-0.13484646194926578
-0.13484646194926578
-0.13478818998716302
-0.13477537437603995
-0.13477537437603995
-0.13456790123456797
-0.13448735019973362
-0.13448735019973362
-0.13448735019973362
-0.13436385255648037
-0.13436385255648037
-0.1338797814207651
-0.1338797814207651
-0.1338797814207651
-0.1338345864661654
-0.1338345864661654
-0.1337579617834395
-0.1337579617834395
-0.1336088154269972
-0.1336088154269972
-0.1336088154269972
-0.1336088154269972
-0.13351134846461948
-0.1335044929396663
-0.1335044929396663
-0.1331747919143875
-0.1331747919143875
-0.13315579227696406
-0.13315579227696406
-0.13315579227696406
-0.13311148086522462
-0.1330977620730272
-0.13251366120218583
-0.1324840764331211
-0.13245033112582782
-0.13245033112582782
-0.13245033112582782
-0.13245033112582782
-0.13245033112582782
-0.13233082706766913
-0.13233082706766913
-0.13233082706766913
-0.1322314049586776
-0.1322314049586776
-0.1322314049586776
-0.1322314049586776
-0.1322207958921696
-0.13217623497997336
-0.13217623497997336
-0.13217623497997336
-0.1320987654320988
-0.13198573127229482
-0.1319199057714959
-0.1319199057714959
-0.1318242343541943
-0.1318242343541943
-0.13180169286578
-0.13144758735440928
-0.13144758735440928
-0.13144758735440928
-0.13144758735440928
-0.13144758735440928
-0.13128834355828226
-0.13128834355828226
-0.13114754098360656
-0.13114754098360656
-0.13114754098360656
-0.13114754098360656
-0.13093858632676705
-0.1309370988446727
-0.13086419753086412
-0.13086419753086412
-0.13085399449035803
-0.13085399449035803
-0.13085399449035803
-0.13085399449035803
-0.13085399449035803
-0.13084112149532726
-0.130827067669173
-0.130827067669173
-0.130827067669173
-0.130827067669173
-0.13074204946996476
-0.13059250302297457
-0.13049267643142473
-0.13049267643142473
-0.13049267643142473
-0.13006134969325148
-0.13006134969325148
-0.1299363057324841
-0.1297836938435941
-0.1297836938435941
-0.1297836938435941
-0.12978142076502733
-0.12978142076502733
-0.12978142076502733
-0.12978142076502733
-0.12978142076502733
-0.12978142076502733
-0.12977983777520283
-0.12977983777520283
-0.12965340179717597
-0.12965340179717597
-0.12962962962962962
-0.12962962962962962
-0.1296076099881093
-0.12950600801068093
-0.12950600801068093
-0.12950600801068093
-0.12950600801068093
-0.12950600801068093
-0.12947658402203846
-0.12947658402203846
-0.12947658402203846
-0.12947658402203846
-0.12938331318016932
-0.1293233082706767
-0.1293233082706767
-0.1293233082706767
-0.1293233082706767
-0.1293233082706767
-0.129161118508655
-0.129161118508655
-0.129161118508655
-0.129161118508655
-0.129161118508655
-0.129161118508655
-0.12913907284768208
-0.12913907284768208
-0.12913907284768208
-0.12913907284768208
-0.12913907284768208
-0.1290711700844391
-0.12883435582822086
-0.12866242038216552
-0.12866242038216552
-0.1286210892236384
-0.12841854934601662
-0.12841854934601662
-0.12841854934601662
-0.12841530054644815
-0.12841530054644815
-0.12841530054644815
-0.12839506172839513
-0.12839506172839513
-0.12839506172839513
-0.12836970474967907
-0.12836970474967907
-0.12836970474967907
-0.12836970474967907
-0.12817412333736405
-0.1281708945260348
-0.1281708945260348
-0.1281708945260348
-0.12811980033277875
-0.12811980033277875
-0.12811980033277875
-0.12811980033277875
-0.12809917355371897
-0.12809917355371897
-0.12809917355371897
-0.12809917355371897
-0.12809917355371897
-0.12809917355371897
-0.1280898876404495
-0.1278648974668276
-0.12782956058588543
-0.12782956058588543
-0.12782956058588543
-0.12782956058588543
-0.12781954887218044
-0.12781954887218044
-0.12760736196319025
-0.1274834437086092
-0.1274834437086092
-0.1274834437086092
-0.1274834437086092
-0.12738853503184713
-0.12738853503184713
-0.12738853503184713
-0.12738853503184713
-0.12738853503184713
-0.12720848056537115
-0.12708600770218234
-0.12708600770218234
-0.12708600770218234
-0.12708600770218234
-0.12708600770218234
-0.1270491803278689
-0.1270491803278689
-0.12696629213483143
-0.12696629213483143
-0.12696493349455865
-0.1268357810413885
-0.1268357810413885
-0.1268357810413885
-0.1268357810413885
-0.1268357810413885
-0.1267217630853994
-0.1267217630853994
-0.1267217630853994
-0.12665862484921592
-0.12665862484921592
-0.12649800266311587
-0.12649800266311587
-0.12649800266311587
-0.12649800266311587
-0.12645590682196342
-0.12645590682196342
-0.12645590682196342
-0.12638036809815947
-0.1263157894736842
-0.1263157894736842
-0.1263157894736842
-0.1263157894736842
-0.1263157894736842
-0.12611464968152875
-0.12611464968152875
-0.1260404280618311
-0.1260404280618311
-0.12603062426383985
-0.12598425196850396
-0.12598425196850396
-0.12592592592592597
-0.12592592592592597
-0.12592592592592597
-0.12584269662921352
-0.12582781456953646
-0.12582781456953646
-0.12582781456953646
-0.12580231065468564
-0.12580231065468564
-0.12580231065468564
-0.12575574365175338
-0.12568306010928965
-0.12568306010928965
-0.12568306010928965
-0.12568306010928965
-0.12568306010928965
-0.12568306010928965
-0.12568306010928965
-0.12555066079295146
-0.12550066755674238
-0.12550066755674238
-0.12550066755674238
-0.12550066755674238
-0.12550066755674238
-0.12550066755674238
-0.12550066755674238
-0.12534435261707982
-0.12534435261707982
-0.12534435261707982
-0.12534435261707982
-0.1251664447403461
-0.1251664447403461
-0.1251664447403461
-0.1251664447403461
-0.1251664447403461
-0.1251664447403461
-0.1251664447403461
-0.12515337423312886
-0.12515337423312886
-0.12515337423312886
-0.1251448435689455
-0.1251448435689455
-0.12485276796230868
-0.12485136741973842
-0.12485136741973842
-0.12484076433121015
-0.12484076433121015
-0.12484076433121015
-0.12484076433121015
-0.12484076433121015
-0.12481203007518793
-0.12481203007518793
-0.12479201331114809
-0.12479201331114809
-0.12479201331114809
-0.12469135802469129
-0.12469135802469129
-0.12469135802469129
-0.12454655380894797
-0.12454655380894797
-0.12451861360718873
-0.12451861360718873
-0.12451861360718873
-0.12451861360718873
-0.12451861360718873
-0.12451861360718873
-0.12444933920704843
-0.12444933920704843
-0.12444933920704843
-0.1243169398907105
-0.1242460796139929
-0.12417218543046359
-0.12416555407209627
-0.12416555407209627
-0.12416555407209627
-0.12416555407209627
-0.12416555407209627
-0.12396694214876022
-0.1239263803680981
-0.1239263803680981
-0.12383488681757654
-0.12383488681757654
-0.12383488681757654
-0.12383488681757654
-0.12383488681757654
-0.12367491166077738
-0.12366230677764557
-0.12366230677764557
-0.12366230677764557
-0.12356687898089175
-0.12356687898089175
-0.12356687898089175
-0.12356687898089175
-0.12345679012345678
-0.12345679012345678
-0.12345679012345678
-0.12345679012345678
-0.1233480176211454
-0.1233480176211454
-0.12333736396614273
-0.12333736396614273
-0.12330827067669176
-0.12330827067669176
-0.12323491655969201
-0.12323491655969201
-0.12323491655969201
-0.12312811980033275
-0.12312811980033275
-0.12303980699638122
-0.12303980699638122
-0.12295081967213115
-0.12283044058744996
-0.12283044058744996
-0.12283044058744996
-0.12283044058744996
-0.12283044058744996
-0.12282734646581686
-0.12282734646581686
-0.12269938650306748
-0.12269938650306748
-0.12269938650306748
-0.12260967379077621
-0.12258953168044066
-0.12258953168044066
-0.12258953168044066
-0.12258953168044066
-0.12258953168044066
-0.12251655629139072
-0.12251655629139072
-0.12251655629139072
-0.12250332889480678
-0.12250332889480678
-0.12249705535924624
-0.12249705535924624
-0.12249705535924624
-0.1224732461355529
-0.1224732461355529
-0.12247191011235961
-0.12229299363057318
-0.12229299363057318
-0.12229299363057318
-0.12222222222222229
-0.12222222222222229
-0.12222222222222229
-0.12212817412333746
-0.12212817412333746
-0.12212817412333746
-0.12195121951219512
-0.12195121951219512
-0.12195121951219512
-0.12195121951219512
-0.12183353437876969
-0.12183353437876969
-0.12180451127819553
-0.12180451127819553
-0.12166859791425261
-0.12158469945355199
-0.12149532710280385
-0.12149532710280385
-0.12149532710280385
-0.12149532710280385
-0.12149532710280385
-0.12147239263803689
-0.12146422628951754
-0.12146422628951754
-0.12146422628951754
-0.1213191990577151
-0.12128418549346004
-0.12128418549346004
-0.12128418549346004
-0.12128418549346004
-0.12128418549346004
-0.12128418549346004
-0.12121212121212119
-0.12121212121212119
-0.12121212121212119
-0.12121212121212119
-0.12121212121212119
-0.1211717709720372
-0.1211717709720372
-0.1211717709720372
-0.1211717709720372
-0.1211717709720372
-0.12101910828025478
-0.12101910828025478
-0.12101910828025478
-0.12101910828025478
-0.12098765432098763
-0.12098765432098763
-0.12098765432098763
-0.12098765432098763
-0.12098765432098763
-0.12098765432098763
-0.12091898428053204
-0.12091898428053204
-0.12091898428053204
-0.12091898428053204
-0.12086092715231783
-0.12086092715231783
-0.12086092715231783
-0.12086092715231783
-0.12086092715231783
-0.12086092715231783
-0.12086092715231783
-0.12066752246469839
-0.12066752246469839
-0.12066752246469839
-0.12066752246469839
-0.12066752246469839
-0.12066752246469839
-0.12062726176115801
-0.12062726176115801
-0.1205098493626882
-0.12030075187969924
-0.12030075187969924
-0.12030075187969924
-0.12030075187969924
-0.12024539877300612
-0.12024539877300612
-0.12024539877300612
-0.12021857923497263
-0.12021857923497263
-0.12021857923497263
-0.12021857923497263
-0.12016021361815754
-0.12016021361815754
-0.12009512485136736
-0.12009512485136736
-0.12009512485136736
-0.12009512485136736
-0.11984021304926765
-0.11984021304926765
-0.1198347107438016
-0.1198347107438016
-0.1198347107438016
-0.11980033277870222
-0.11980033277870222
-0.11980033277870222
-0.11975308641975312
-0.11974522292993636
-0.11974522292993636
-0.11974522292993636
-0.11974522292993636
-0.11974522292993636
-0.1197097944377268
-0.1197097944377268
-0.1197097944377268
-0.1194209891435465
-0.1194209891435465
-0.1194209891435465
-0.11938382541720167
-0.11938382541720167
-0.11938382541720167
-0.11938382541720167
-0.11935110081112396
-0.11923509561304846
-0.11920529801324496
-0.11910112359550555
-0.11910112359550555
-0.1190184049079755
-0.1190184049079755
-0.1190184049079755
-0.1190184049079755
-0.1190184049079755
-0.1190184049079755
-0.11896348645465263
-0.11896348645465263
-0.11894273127753302
-0.11890606420927469
-0.11890606420927469
-0.11890606420927469
-0.11890606420927469
-0.11890606420927469
-0.11890606420927469
-0.11890606420927469
-0.11890606420927469
-0.11885245901639348
-0.11885245901639348
-0.11885245901639348
-0.11885245901639348
-0.11885245901639348
-0.1188251001335114
-0.1188251001335114
-0.1188222923238696
-0.1188222923238696
-0.11879699248120298
-0.11879699248120298
-0.11879699248120298
-0.11851851851851845
-0.11851851851851845
-0.11851851851851845
-0.1185086551264979
-0.1185086551264979
-0.1185086551264979
-0.11850060459492136
-0.11850060459492136
-0.11850060459492136
-0.11850060459492136
-0.11850060459492136
-0.1184713375796178
-0.1184713375796178
-0.1184713375796178
-0.1184713375796178
-0.11845730027548203
-0.11845730027548203
-0.11845730027548203
-0.11819235225955971
-0.11819235225955971
-0.11819235225955971
-0.11813643926788688
-0.11813643926788688
-0.11813643926788688
-0.11813643926788688
-0.11811023622047244
-0.11811023622047244
-0.11810012836970478
-0.11810012836970478
-0.11810012836970478
-0.11810012836970478
-0.11797752808988764
-0.11779141104294472
-0.11779141104294472
-0.11779141104294472
-0.11778563015312131
-0.11778563015312131
-0.11778563015312131
-0.11778563015312131
-0.1177707676130388
-0.11771700356718183
-0.11771700356718183
-0.11771700356718183
-0.11771700356718183
-0.11771700356718183
-0.11754966887417222
-0.11754966887417222
-0.11754966887417222
-0.1174899866488653
-0.1174899866488653
-0.1174899866488653
-0.11748633879781431
-0.11748633879781431
-0.11748633879781431
-0.11748633879781431
-0.11729323308270673
-0.11729323308270673
-0.11729323308270673
-0.11729323308270673
-0.11729323308270673
-0.1172914147521161
-0.1172914147521161
-0.1172914147521161
-0.1172914147521161
-0.11728395061728394
-0.11728395061728394
-0.11728395061728394
-0.11728395061728394
-0.11728395061728394
-0.11728395061728394
-0.11728395061728394
-0.11719745222929939
-0.11719745222929939
-0.11719745222929939
-0.11719745222929939
-0.11719745222929939
-0.11717709720372832
-0.11717709720372832
-0.11707988980716254
-0.11707988980716254
-0.1170336037079953
-0.1170336037079953
-0.1170084439083233
-0.1170084439083233
-0.1170084439083233
-0.1170084439083233
-0.1170084439083233
-0.1170084439083233
-0.1170084439083233
-0.11698537682789657
-0.11698537682789657
-0.11685393258426972
-0.11685393258426972
-0.11681643132220806
-0.11681643132220806
-0.11681643132220806
-0.11681643132220806
-0.11681643132220806
-0.11674008810572682
-0.11660777385159017
-0.11660777385159017
-0.11660777385159017
-0.11656441717791409
-0.11656441717791409
-0.11652794292508915
-0.11652794292508915
-0.11652794292508915
-0.11652794292508915
-0.11652794292508915
-0.11647254575707153
-0.11647254575707153
-0.11615487316421898
-0.11615487316421898
-0.11615487316421898
-0.11615487316421898
-0.11612021857923496
-0.11608222490931086
-0.11608222490931086
-0.11608222490931086
-0.11604938271604945
-0.11604938271604945
-0.11592356687898082
-0.11592356687898082
-0.11592356687898082
-0.11589403973509935
-0.11587485515643106
-0.11587485515643106
-0.11587485515643106
-0.11584553928095857
-0.1158021712907118
-0.1158021712907118
-0.1158021712907118
-0.11578947368421057
-0.11578947368421057
-0.11573033707865166
-0.11570247933884287
-0.11570247933884287
-0.11570247933884287
-0.1156387665198238
-0.11533888228299631
-0.11533888228299631
-0.11533888228299631
-0.11533888228299631
-0.11533888228299631
-0.11533888228299631
-0.11533888228299631
-0.11533742331288349
-0.11533742331288349
-0.11533742331288349
-0.11533742331288349
-0.11533742331288349
-0.11533742331288349
-0.11533742331288349
-0.11487303506650544
-0.11487303506650544
-0.11487303506650544
-0.11487303506650544
-0.11487303506650544
-0.11487303506650544
-0.11481975967957286
-0.11481975967957286
-0.11481975967957286
-0.11481975967957286
-0.11481481481481479
-0.11481481481481479
-0.11481481481481479
-0.11481481481481479
-0.11475409836065581
-0.11475409836065581
-0.11475409836065581
-0.11475409836065581
-0.11473565804274469
-0.11473565804274469
-0.11473565804274469
-0.11473565804274469
-0.11471610660486667
-0.11471610660486667
-0.11471610660486667
-0.11471610660486667
-0.11471610660486667
-0.1146161934805467
-0.11460674157303374
-0.11460674157303374
-0.11459589867310012
-0.11459589867310012
-0.11459589867310012
-0.11451398135818902
-0.11451398135818902
-0.11451398135818902
-0.11451398135818902
-0.11432506887052339
-0.11432506887052339
-0.11432506887052339
-0.11428571428571431
-0.11428571428571431
-0.11428571428571431
-0.11428571428571431
-0.11425206124852769
-0.11425206124852769
-0.11425206124852769
-0.11425206124852769
-0.11425206124852769
-0.11424903722721444
-0.11424903722721444
-0.11423841059602646
-0.11423841059602646
-0.11423841059602646
-0.11414982164090363
-0.11414982164090363
-0.11414982164090363
-0.11414982164090363
-0.11414982164090363
-0.11414982164090363
-0.11414982164090363
-0.11414982164090363
-0.11411042944785273
-0.11411042944785273
-0.11411042944785273
-0.11411042944785273
-0.11411042944785273
-0.11366384522370017
-0.11366384522370017
-0.11366384522370017
-0.11366384522370017
-0.11361079865016882
-0.11361079865016882
-0.11361079865016882
-0.11358024691358028
-0.11358024691358028
-0.11358024691358028
-0.11358024691358028
-0.11358024691358028
-0.11358024691358028
-0.11358024691358028
-0.11356466876971606
-0.11355735805330242
-0.11355735805330242
-0.11348464619492656
-0.11348464619492656
-0.11348464619492656
-0.11348314606741566
-0.11348314606741566
-0.11348314606741566
-0.11348314606741566
-0.11343612334801759
-0.11338962605548861
-0.11338962605548861
-0.11338962605548861
-0.11338962605548861
-0.11338962605548861
-0.11338962605548861
-0.11338962605548861
-0.11338797814207646
-0.11338797814207646
-0.11338797814207646
-0.11338797814207646
-0.11337579617834402
-0.11337579617834402
-0.11337579617834402
-0.11337579617834402
-0.11318242343541945
-0.11318242343541945
-0.11318242343541945
-0.11318242343541945
-0.113144758735441
-0.113144758735441
-0.11307420494699656
-0.11307420494699656
-0.11307420494699656
-0.11307420494699656
-0.11296534017971772
-0.11296534017971772
-0.11296534017971772
-0.11296534017971772
-0.11296076099881094
-0.11296076099881094
-0.11296076099881094
-0.11296076099881094
-0.11296076099881094
-0.11296076099881094
-0.11296076099881094
-0.11296076099881094
-0.11296076099881094
-0.11296076099881094
-0.11296076099881094
-0.11294765840220372
-0.11288343558282211
-0.11288343558282211
-0.11288343558282211
-0.11288343558282211
-0.11288343558282211
-0.11288343558282211
-0.11258278145695359
-0.11258278145695359
-0.11258278145695359
-0.11248593925759279
-0.11248593925759279
-0.11248593925759279
-0.11245465538089476
-0.11245465538089476
-0.11245465538089476
-0.11239860950173815
-0.11239860950173815
-0.11239860950173815
-0.11239860950173815
-0.11235955056179775
-0.11235955056179775
-0.11235955056179775
-0.11235955056179775
-0.11235955056179775
-0.11235955056179775
-0.11234567901234561
-0.11234567901234561
-0.11234567901234561
-0.1121833534378771
-0.1121833534378771
-0.1121833534378771
-0.1121833534378771
-0.1121833534378771
-0.1121833534378771
-0.11214953271028044
-0.11214953271028044
-0.11214953271028044
-0.11214953271028044
-0.11210191082802544
-0.11210191082802544
-0.11210191082802544
-0.11210191082802544
-0.11210191082802544
-0.11202185792349731
-0.11202185792349731
-0.11189634864546524
-0.11189634864546524
-0.1118508655126497
-0.1118508655126497
-0.1117717003567181
-0.1117717003567181
-0.1117717003567181
-0.1117717003567181
-0.1117717003567181
-0.1117717003567181
-0.1117717003567181
-0.1117717003567181
-0.1117717003567181
-0.1117717003567181
-0.1117717003567181
-0.11168164313222081
-0.11168164313222081
-0.11165644171779134
-0.11165644171779134
-0.11165644171779134
-0.11165644171779134
-0.11165644171779134
-0.11165644171779134
-0.11165644171779134
-0.11157024793388423
-0.11157024793388423
-0.11157024793388423
-0.11148086522462566
-0.11148086522462566
-0.11146161934805462
-0.11146161934805462
-0.11136107986501693
-0.11136107986501693
-0.11136107986501693
-0.11136107986501693
-0.11127819548872178
-0.11127819548872178
-0.11127819548872178
-0.11127819548872178
-0.11127819548872178
-0.1112454655380895
-0.1112454655380895
-0.1112454655380895
-0.1112454655380895
-0.1112454655380895
-0.11123986095017376
-0.11123986095017376
-0.11123595505617984
-0.11123595505617984
-0.11123348017621139
-0.11123348017621139
-0.11123348017621139
-0.1111111111111111
-0.11097708082026542
-0.11097708082026542
-0.11092715231788071
-0.11092715231788071
-0.11092715231788071
-0.11082802547770704
-0.11082802547770704
-0.11082802547770704
-0.11082802547770704
-0.11082802547770704
-0.11081441922563434
-0.11081441922563434
-0.11081441922563434
-0.11081441922563434
-0.11081441922563434
-0.1107184923439341
-0.1107184923439341
-0.1107184923439341
-0.1107184923439341
-0.1107184923439341
-0.1107184923439341
-0.1107184923439341
-0.11065573770491816
-0.11065573770491816
-0.11058263971462542
-0.11058263971462542
-0.11058263971462542
-0.11058263971462542
-0.11058263971462542
-0.11058263971462542
-0.11058263971462542
-0.11058263971462542
-0.11058263971462542
-0.11058263971462542
-0.11051930758988013
-0.11051930758988013
-0.11042944785276074
-0.11039794608472411
-0.11039794608472411
-0.11039794608472411
-0.11039794608472411
-0.11023622047244107
-0.11023622047244107
-0.11019283746556476
-0.11019283746556476
-0.11019283746556476
-0.11013215859030838
-0.11013215859030838
-0.11013215859030838
-0.11011235955056177
-0.11011235955056177
-0.11011235955056177
-0.11011235955056177
-0.1100811123986095
-0.1100811123986095
-0.1100811123986095
-0.1100811123986095
-0.11003627569528426
-0.11003627569528426
-0.11003627569528426
-0.11003627569528426
-0.10987654320987661
-0.10987654320987661
-0.10981697171381034
-0.10981697171381034
-0.10977443609022552
-0.10977443609022552
-0.10977080820265389
-0.10977080820265389
-0.10977080820265389
-0.10977080820265389
-0.10977080820265389
-0.10977080820265389
-0.10955414012738847
-0.10955414012738847
-0.10955414012738847
-0.10954063604240295
-0.10954063604240295
-0.10954063604240295
-0.10954063604240295
-0.10954063604240295
-0.10939357907253257
-0.10939357907253257
-0.10939357907253257
-0.10939357907253257
-0.10939357907253257
-0.10939357907253257
-0.1092896174863388
-0.1092896174863388
-0.1092896174863388
-0.1092896174863388
-0.1092896174863388
-0.10920245398773012
-0.10920245398773012
-0.10920245398773012
-0.1091142490372272
-0.1091142490372272
-0.1091142490372272
-0.1091142490372272
-0.1091142490372272
-0.1091142490372272
-0.10911136107986504
-0.10911136107986504
-0.10911136107986504
-0.10911136107986504
-0.10911136107986504
-0.10903083700440519
-0.10903083700440519
-0.10903083700440519
-0.10903083700440519
-0.10903083700440519
-0.10898876404494386
-0.10898876404494386
-0.10898876404494386
-0.10898876404494386
-0.10892236384704508
-0.10892236384704508
-0.10892236384704508
-0.10892236384704508
-0.10882708585247886
-0.10882708585247886
-0.10881542699724507
-0.10881542699724507
-0.10881542699724507
-0.10864197530864195
-0.10864197530864195
-0.10864197530864195
-0.10856453558504221
-0.10856453558504221
-0.10836277974087163
-0.10836277974087163
-0.10830704521556254
-0.10830704521556254
-0.10828025477707007
-0.10828025477707007
-0.10820451843043989
-0.10820451843043989
-0.10820451843043989
-0.10820451843043989
-0.10820451843043989
-0.10820451843043989
-0.10820451843043989
-0.10820451843043989
-0.10820451843043989
-0.10820451843043989
-0.108153078202995
-0.10814419225634189
-0.1079865016872892
-0.1079865016872892
-0.1079865016872892
-0.1079865016872892
-0.10797546012269935
-0.10797546012269935
-0.10797546012269935
-0.10797546012269935
-0.10792951541850218
-0.10792951541850218
-0.10792349726775964
-0.10792349726775964
-0.10786516853932576
-0.10786516853932576
-0.10786516853932576
-0.10786516853932576
-0.10785619174434082
-0.10776361529548086
-0.10776361529548086
-0.10776361529548086
-0.10776361529548086
-0.10776361529548086
-0.10776361529548086
-0.10776361529548086
-0.10761789600967359
-0.10761789600967359
-0.10761789600967359
-0.10761589403973511
-0.1074380165289256
-0.1074380165289256
-0.1074380165289256
-0.1074380165289256
-0.1074380165289256
-0.10740740740740744
-0.10740740740740744
-0.10740740740740744
-0.10740740740740744
-0.10740740740740744
-0.1073582629674307
-0.1073582629674307
-0.1073582629674307
-0.1073582629674307
-0.10725552050473175
-0.10725552050473175
-0.10718492343934048
-0.10718492343934048
-0.10718492343934048
-0.10718492343934048
-0.10718492343934048
-0.10718492343934048
-0.10701545778834723
-0.10700636942675165
-0.10700636942675165
-0.10700636942675165
-0.10686164229471315
-0.10686164229471315
-0.10682819383259917
-0.10682819383259917
-0.10682819383259917
-0.10682819383259917
-0.10682819383259917
-0.10682819383259917
-0.10682819383259917
-0.10682819383259917
-0.10680907877169558
-0.10680907877169558
-0.10680907877169558
-0.10680907877169558
-0.10680907877169558
-0.10676691729323311
-0.10676691729323311
-0.10676691729323311
-0.10674846625766875
-0.10674846625766875
-0.10674846625766875
-0.10674846625766875
-0.10674846625766875
-0.10674157303370785
-0.10674157303370785
-0.10674157303370785
-0.10674157303370785
-0.10674157303370785
-0.1066048667439166
-0.1066048667439166
-0.1066048667439166
-0.10655737704918028
-0.10655737704918028
-0.10655737704918028
-0.10655737704918028
-0.10655737704918028
-0.10655737704918028
-0.10654685494223377
-0.10654685494223377
-0.10652463382157125
-0.10652463382157125
-0.10652463382157125
-0.10652463382157125
-0.10648918469217968
-0.10640870616686816
-0.10620399579390111
-0.10617283950617278
-0.10617283950617278
-0.10617283950617278
-0.10615199034981919
-0.10615199034981919
-0.10615199034981919
-0.10615199034981919
-0.10606060606060591
-0.10606060606060591
-0.10606060606060591
-0.10606060606060591
-0.10606060606060591
-0.10600706713780918
-0.10600706713780918
-0.10600706713780918
-0.10596026490066222
-0.10596026490066222
-0.10596026490066222
-0.10582639714625436
-0.10582639714625436
-0.10582639714625436
-0.10582639714625436
-0.10582639714625436
-0.10582639714625436
-0.1057367829021373
-0.1057367829021373
-0.1057367829021373
-0.1057367829021373
-0.1057367829021373
-0.1057367829021373
-0.1057367829021373
-0.10573248407643308
-0.10573248407643308
-0.10572687224669598
-0.10572687224669598
-0.10572687224669598
-0.10572687224669598
-0.10572687224669598
-0.10561797752808993
-0.10561797752808993
-0.10561797752808993
-0.10561797752808993
-0.10561797752808993
-0.10561797752808993
-0.10552147239263795
-0.10552147239263795
-0.10552147239263795
-0.10547396528704947
-0.10547396528704947
-0.10547396528704947
-0.1054461181923522
-0.1054461181923522
-0.1054461181923522
-0.1054461181923522
-0.1054461181923522
-0.1054461181923522
-0.1054461181923522
-0.1054461181923522
-0.10526315789473686
-0.10519951632406292
-0.10519951632406292
-0.10519951632406292
-0.10519951632406292
-0.10519951632406292
-0.10519125683060113
-0.10519125683060113
-0.10515247108307048
-0.10515247108307048
-0.10515247108307048
-0.10515247108307048
-0.10494571773220752
-0.10494571773220752
-0.10494571773220752
-0.10493827160493825
-0.10482921083627804
-0.10482921083627804
-0.10482921083627804
-0.10482529118136447
-0.10468319559228643
-0.10463733650416168
-0.10463733650416168
-0.10463733650416168
-0.10463733650416168
-0.10463733650416168
-0.10462555066079297
-0.10462555066079297
-0.10462555066079297
-0.10462555066079297
-0.10462555066079297
-0.10462555066079297
-0.10461192350956143
-0.10461192350956143
-0.10461192350956143
-0.10461192350956143
-0.10461192350956143
-0.10461192350956143
-0.10449438202247188
-0.10449438202247188
-0.10449438202247188
-0.10445859872611468
-0.10430463576158935
-0.10430463576158935
-0.10430463576158935
-0.10430463576158935
-0.10429447852760737
-0.10429447852760737
-0.10429447852760737
-0.10428736964078796
-0.10413885180240336
-0.10413885180240336
-0.10410094637223967
-0.10410094637223967
-0.10410094637223967
-0.10410094637223967
-0.10399032648125765
-0.10399032648125765
-0.10399032648125765
-0.10399032648125765
-0.10399032648125765
-0.10397946084724015
-0.10397946084724015
-0.10386151797603192
-0.10386151797603192
-0.10386151797603192
-0.10386151797603192
-0.10382513661202196
-0.10382513661202196
-0.10382513661202196
-0.10375939849624057
-0.10375939849624057
-0.10375939849624057
-0.10375939849624057
-0.103739445114596
-0.103739445114596
-0.103739445114596
-0.103739445114596
-0.10370370370370377
-0.10370370370370377
-0.10370370370370377
-0.10365135453474689
-0.10365135453474689
-0.10352422907488977
-0.10352422907488977
-0.10352422907488977
-0.10352422907488977
-0.10352422907488977
-0.10352422907488977
-0.1034870641169854
-0.10344827586206884
-0.10344827586206884
-0.10344827586206884
-0.10344827586206884
-0.10344827586206884
-0.10344827586206884
-0.10344827586206884
-0.10337078651685397
-0.10337078651685397
-0.10337078651685397
-0.10337078651685397
-0.10330578512396695
-0.10330578512396695
-0.1031847133757961
-0.10316139767054913
-0.10312862108922355
-0.10312862108922355
-0.10306748466257677
-0.10304942166140901
-0.10304942166140901
-0.10304942166140901
-0.10304942166140901
-0.10304942166140901
-0.10304942166140901
-0.10304942166140901
-0.10280373831775703
-0.10280373831775703
-0.10278113663845223
-0.10278113663845223
-0.10269576379974325
-0.10269576379974325
-0.10269576379974325
-0.10269576379974325
-0.10269576379974325
-0.10264900662251648
-0.10264900662251648
-0.10264900662251648
-0.10264900662251648
-0.10253317249698429
-0.10253317249698429
-0.10253317249698429
-0.10252996005326218
-0.10252996005326218
-0.10252996005326218
-0.10252996005326218
-0.10247349823321557
-0.10247349823321557
-0.1024691358024691
-0.1024691358024691
-0.1024691358024691
-0.10245901639344263
-0.10245901639344263
-0.10242290748898678
-0.10242290748898678
-0.10242290748898678
-0.10236220472440954
-0.10236220472440954
-0.10236220472440954
-0.10236220472440954
-0.10236220472440954
-0.10236220472440954
-0.10225921521997616
-0.10225921521997616
-0.10225921521997616
-0.10225921521997616
-0.10225921521997616
-0.10225921521997616
-0.10225921521997616
-0.10225921521997616
-0.10225921521997616
-0.10225563909774432
-0.10225563909774432
-0.10224719101123587
-0.10224719101123587
-0.10224719101123587
-0.10224719101123587
-0.10199789695057823
-0.10199789695057823
-0.10199789695057823
-0.10199789695057823
-0.1019698725376593
-0.10192837465564727
-0.10192837465564727
-0.10191082802547773
-0.10191082802547773
-0.10191082802547773
-0.10191082802547773
-0.10191082802547773
-0.10191082802547773
-0.10191082802547773
-0.10184049079754598
-0.10184049079754598
-0.10157194679564699
-0.10157194679564699
-0.1014975041597338
-0.10146862483311093
-0.10146862483311093
-0.10146862483311093
-0.10146862483311093
-0.10146862483311093
-0.10141206675224654
-0.10141206675224654
-0.1013268998793728
-0.1013268998793728
-0.10132158590308374
-0.10132158590308374
-0.10132158590308374
-0.10129564193168443
-0.10129564193168443
-0.10129564193168443
-0.10123734533183351
-0.10123456790123458
-0.10119840213049262
-0.10119840213049262
-0.10119840213049262
-0.10112359550561796
-0.10112359550561796
-0.10112359550561796
-0.10109289617486344
-0.10109289617486344
-0.10109289617486344
-0.10109289617486344
-0.10109289617486344
-0.10107015457788346
-0.10107015457788346
-0.10107015457788346
-0.10107015457788346
-0.10107015457788346
-0.10107015457788346
-0.10107015457788346
-0.10094637223974758
-0.10094637223974758
-0.10094637223974758
-0.10094637223974758
-0.10081112398609506
-0.10081112398609506
-0.10075187969924816
-0.10075187969924816
-0.10075187969924816
-0.10063694267515931
-0.10061349693251537
-0.10061349693251537
-0.10061349693251537
-0.10061349693251537
-0.10061349693251537
-0.10055096418732781
-0.10055096418732781
-0.10055096418732781
-0.10055096418732781
-0.10055096418732781
-0.10036275695284155
-0.10036275695284155
-0.10036275695284155
-0.10022026431718058
-0.10022026431718058
-0.10022026431718058
-0.10022026431718058
-0.10022026431718058
-0.10013351134846461
-0.10013351134846461
-0.10012836970474982
-0.10012836970474982
-0.10012836970474982
-0.10012836970474982
-0.10012062726176127
-0.10012062726176127
-0.10012062726176127
-0.10011778563015311
-0.10011778563015311
-0.10011778563015311
-0.10011778563015311
-0.10011248593925764
-0.10011248593925764
-0.10011248593925764
-0.10000000000000005
-0.10000000000000005
-0.10000000000000005
-0.09999999999999992
-0.09989484752891693
-0.09989484752891693
-0.09989484752891693
-0.09989484752891693
-0.09989484752891693
-0.09989484752891693
-0.09988109393579063
-0.09988109393579063
-0.09988109393579063
-0.09988109393579063
-0.09988109393579063
-0.09988109393579063
-0.09986684420772304
-0.09983361064891846
-0.09972677595628411
-0.09972677595628411
-0.09972677595628411
-0.09965237543453064
-0.09965237543453064
-0.09965237543453064
-0.09965237543453064
-0.09965237543453064
-0.09938650306748459
-0.09936305732484073
-0.09936305732484073
-0.09936305732484073
-0.09936305732484073
-0.09936305732484073
-0.09936305732484073
-0.09924812030075189
-0.09924812030075189
-0.09924812030075189
-0.09924812030075189
-0.09924812030075189
-0.09917355371900811
-0.09917355371900811
-0.09915356711003633
-0.09915356711003633
-0.09898762654668179
-0.09898762654668179
-0.09898762654668179
-0.09898762654668179
-0.09893992932862197
-0.09893992932862197
-0.09893992932862197
-0.09893992932862197
-0.0989143546441496
-0.0989143546441496
-0.0989143546441496
-0.0989143546441496
-0.098876404494382
-0.09884467265725291
-0.09884332281808614
-0.09884332281808614
-0.09884332281808614
-0.09884332281808614
-0.09884332281808614
-0.09879839786381851
-0.09879839786381851
-0.09879839786381851
-0.09879839786381851
-0.09876543209876543
-0.09876543209876543
-0.09876543209876543
-0.09876543209876543
-0.09876543209876543
-0.09876543209876543
-0.09869203329369797
-0.09869203329369797
-0.09869203329369797
-0.09869203329369797
-0.09869203329369797
-0.09869203329369797
-0.09853528628495328
-0.09849362688296641
-0.09849362688296641
-0.09849362688296641
-0.09849362688296641
-0.09816971713810313
-0.09815950920245399
-0.09815950920245399
-0.09815950920245399
-0.09808917197452233
-0.09808917197452233
-0.09808917197452233
-0.09808917197452233
-0.09801762114537435
-0.09801762114537435
-0.09801762114537435
-0.09794437726723106
-0.09786276715410576
-0.09786276715410576
-0.0977917981072555
-0.0977917981072555
-0.0977917981072555
-0.0977917981072555
-0.0977917981072555
-0.09776207302709082
-0.09776207302709082
-0.09776207302709082
-0.09775280898876408
-0.09775280898876408
-0.09775280898876408
-0.09775280898876408
-0.09774436090225563
-0.09774436090225563
-0.09770808202653809
-0.0975609756097562
-0.0975609756097562
-0.09753086419753093
-0.0975029726516051
-0.0975029726516051
-0.0975029726516051
-0.0975029726516051
-0.0975029726516051
-0.0975029726516051
-0.0975029726516051
-0.09746328437917237
-0.09746328437917237
-0.09746328437917237
-0.09733487833140199
-0.09733487833140199
-0.09733487833140199
-0.09720372836218374
-0.09720372836218374
-0.09720372836218374
-0.09720372836218374
-0.09720372836218374
-0.09699453551912579
-0.09699453551912579
-0.09699453551912579
-0.09699453551912579
-0.09699453551912579
-0.09699453551912579
-0.09693251533742338
-0.09693251533742338
-0.09691629955947134
-0.09691629955947134
-0.09691629955947134
-0.09691629955947134
-0.09681528662420374
-0.0967402733964247
-0.0967402733964247
-0.0967402733964247
-0.0967402733964247
-0.0967402733964247
-0.0967402733964247
-0.0967402733964247
-0.09673790776152989
-0.09673790776152989
-0.09673790776152989
-0.09673518742442563
-0.09673518742442563
-0.09662921348314599
-0.09662921348314599
-0.09662921348314599
-0.09662921348314599
-0.09658421672555949
-0.09658421672555949
-0.09658421672555949
-0.09658421672555949
-0.09658421672555949
-0.09650582362728793
-0.09650582362728793
-0.09650582362728793
-0.09650582362728793
-0.09650180940892641
-0.09631391200951242
-0.09631391200951242
-0.09631391200951242
-0.09631391200951242
-0.09631391200951242
-0.09629629629629627
-0.09629629629629627
-0.09629629629629627
-0.09629629629629627
-0.09629629629629627
-0.09629629629629627
-0.09627727856225929
-0.09627727856225929
-0.09624060150375938
-0.09624060150375938
-0.09617612977983775
-0.09617612977983775
-0.09617612977983775
-0.09617612977983775
-0.09612817089452606
-0.09612817089452606
-0.09612817089452606
-0.09602649006622511
-0.09602649006622511
-0.09602649006622511
-0.09602649006622511
-0.09587217043941397
-0.09587217043941397
-0.09587217043941397
-0.09587217043941397
-0.09581497797356832
-0.09581497797356832
-0.09581497797356832
-0.09581497797356832
-0.09581497797356832
-0.0957055214723926
-0.0957055214723926
-0.0957055214723926
-0.0957055214723926
-0.0957055214723926
-0.09568874868559404
-0.09568874868559404
-0.09568874868559404
-0.09568874868559404
-0.09561304836895386
-0.09561304836895386
-0.09561304836895386
-0.09561304836895386
-0.09554140127388536
-0.09552599758162036
-0.09552599758162036
-0.09550561797752807
-0.09550561797752807
-0.09540636042402836
-0.09540636042402836
-0.09540636042402836
-0.09540636042402836
-0.0952955367913149
-0.0952955367913149
-0.0952955367913149
-0.09512485136741974
-0.09512485136741974
-0.09512485136741974
-0.09512485136741974
-0.09512485136741974
-0.09504132231404946
-0.09504132231404946
-0.09504132231404946
-0.09504132231404946
-0.0950173812282735
-0.0950173812282735
-0.0950173812282735
-0.09499358151476259
-0.09499358151476259
-0.09484193011647259
-0.09484193011647259
-0.09479305740987995
-0.09473684210526312
-0.09473684210526312
-0.09473684210526312
-0.09471365638766514
-0.09471365638766514
-0.09471365638766514
-0.09463722397476343
-0.0945406125166444
-0.0945406125166444
-0.094488188976378
-0.094478527607362
-0.094478527607362
-0.094478527607362
-0.09438202247191016
-0.09437086092715224
-0.09431680773881496
-0.09431680773881496
-0.09431680773881496
-0.09431680773881496
-0.09431680773881496
-0.09431680773881496
-0.09426751592356694
-0.09426751592356694
-0.09426751592356694
-0.09426751592356694
-0.09426229508196729
-0.09426229508196729
-0.09422850412249704
-0.09408926417370339
-0.09408926417370339
-0.09408926417370339
-0.0939357907253269
-0.0939357907253269
-0.0939357907253269
-0.0939357907253269
-0.09385863267670908
-0.0938271604938271
-0.0938271604938271
-0.0938271604938271
-0.09370988446726586
-0.09370988446726586
-0.09370988446726586
-0.09366391184573
-0.09361233480176212
-0.09361233480176212
-0.09361233480176212
-0.09361233480176212
-0.09361233480176212
-0.09358569926393262
-0.09358569926393262
-0.09358569926393262
-0.09345794392523364
-0.09345794392523364
-0.09336332958380215
-0.09336332958380215
-0.09336332958380215
-0.09336332958380215
-0.09336332958380215
-0.09325842696629211
-0.09325842696629211
-0.09325842696629211
-0.09325153374233124
-0.09325153374233124
-0.09325153374233124
-0.09320905459387484
-0.09320905459387484
-0.09317803660565727
-0.09317803660565727
-0.0931076178960097
-0.0931076178960097
-0.0931076178960097
-0.0931076178960097
-0.09305064782096589
-0.09305064782096589
-0.09299363057324837
-0.09299363057324837
-0.09299363057324837
-0.09299363057324837
-0.09299363057324837
-0.09299363057324837
-0.09289617486338794
-0.09289617486338794
-0.0928829915560917
-0.0928829915560917
-0.0928829915560917
-0.0928829915560917
-0.0928829915560917
-0.09274673008323422
-0.09274673008323422
-0.09274673008323422
-0.09274673008323422
-0.09274673008323422
-0.09274673008323422
-0.09274673008323422
-0.09274673008323422
-0.0927152317880795
-0.0927152317880795
-0.09269988412514485
-0.0925925925925926
-0.09253417455310198
-0.09253417455310198
-0.09253417455310198
-0.09253417455310198
-0.09251101321585894
-0.09251101321585894
-0.09251101321585894
-0.09242618741976896
-0.09242618741976896
-0.09242618741976896
-0.09242618741976896
-0.0922865013774103
-0.0922865013774103
-0.0922865013774103
-0.09223847019122612
-0.0921348314606742
-0.0921348314606742
-0.0921228304405875
-0.0921228304405875
-0.09189842805320446
-0.09189842805320446
-0.09189842805320446
-0.09187749667110509
-0.09187749667110509
-0.09187749667110509
-0.09187279151943475
-0.09187279151943475
-0.09187279151943475
-0.09171974522292997
-0.09167671893848019
-0.09167671893848019
-0.09155766944114135
-0.09155766944114135
-0.09155766944114135
-0.09155766944114135
-0.09155766944114135
-0.09155766944114135
-0.09155766944114135
-0.09155766944114135
-0.09154113557358044
-0.09154113557358044
-0.09154113557358044
-0.09153005464480878
-0.09153005464480878
-0.09153005464480878
-0.09153005464480878
-0.09151414309484193
-0.09151414309484193
-0.09151414309484193
-0.09148264984227118
-0.09148264984227118
-0.09148264984227118
-0.09148264984227118
-0.09140969162995592
-0.09140969162995592
-0.09135802469135809
-0.09135802469135809
-0.09135802469135809
-0.0912185159972771
-0.09114249037227225
-0.09114249037227225
-0.09111361079865025
-0.09111361079865025
-0.09105960264900663
-0.09105960264900663
-0.09105960264900663
-0.09101123595505613
-0.09101123595505613
-0.09101123595505613
-0.09090909090909084
-0.09079754601227003
-0.09079754601227003
-0.09079754601227003
-0.0907877169559414
-0.0907877169559414
-0.0907877169559414
-0.09069493521790345
-0.09069493521790345
-0.09068923821039902
-0.09054593874833552
-0.09054593874833552
-0.0904704463208685
-0.0904704463208685
-0.0904704463208685
-0.09044585987261139
-0.09043112513144054
-0.09043112513144054
-0.09043112513144054
-0.09043112513144054
-0.09038238702201619
-0.09038238702201619
-0.09036860879904869
-0.09036860879904869
-0.09036860879904869
-0.09036860879904869
-0.09036860879904869
-0.09036860879904869
-0.09036860879904869
-0.0903083700440529
-0.0903083700440529
-0.09016393442622964
-0.09016393442622964
-0.09012345679012342
-0.09012345679012342
-0.08998875140607425
-0.08998875140607425
-0.08998875140607425
-0.08998875140607425
-0.08998875140607425
-0.08988764044943821
-0.08988764044943821
-0.08988764044943821
-0.08985879332477537
-0.0898502495840266
-0.0898502495840266
-0.08957055214723923
-0.08957055214723923
-0.08957055214723923
-0.08957055214723923
-0.08957055214723923
-0.08953168044077135
-0.08951707891637231
-0.08951707891637231
-0.08951707891637231
-0.08948004836759377
-0.08948004836759377
-0.08948004836759377
-0.08945260347129508
-0.08945260347129508
-0.08940397350993376
-0.08937960042060988
-0.08937960042060988
-0.089264173703257
-0.08922363847045195
-0.08922363847045195
-0.08922363847045195
-0.08922363847045195
-0.08922363847045195
-0.08920704845814972
-0.08920704845814972
-0.08920704845814972
-0.08917954815695602
-0.08917954815695602
-0.08917631041524843
-0.08917197452229299
-0.08888888888888893
-0.08886389201349837
-0.08886389201349837
-0.08886389201349837
-0.08879781420765027
-0.08879781420765027
-0.08879781420765027
-0.08872180451127817
-0.08872180451127817
-0.08872180451127817
-0.08857509627727862
-0.08857509627727862
-0.08857509627727862
-0.0883435582822086
-0.0883435582822086
-0.08833922261484098
-0.08832807570977909
-0.08832807570977909
-0.08832807570977909
-0.08827085852478836
-0.08827085852478836
-0.08827085852478836
-0.08827085852478836
-0.0881863560732114
-0.08815426997245168
-0.08811748998664898
-0.08811748998664898
-0.08811748998664898
-0.08811748998664898
-0.0881057268722467
-0.0881057268722467
-0.0881057268722467
-0.0881057268722467
-0.08806488991888754
-0.08806488991888754
-0.08806488991888754
-0.08806488991888754
-0.08805790108564547
-0.08805790108564547
-0.08805790108564547
-0.08805790108564547
-0.08799048751486316
-0.08799048751486316
-0.08799048751486316
-0.0878980891719746
-0.0878980891719746
-0.0878828229027962
-0.0878828229027962
-0.0878828229027962
-0.0878828229027962
-0.0878828229027962
-0.0877390326209225
-0.0877390326209225
-0.0877390326209225
-0.0877390326209225
-0.0877390326209225
-0.08765432098765424
-0.08765432098765424
-0.08765432098765424
-0.08765432098765424
-0.08765432098765424
-0.08764044943820222
-0.08764044943820222
-0.08764044943820222
-0.08764044943820222
-0.08764044943820222
-0.08764044943820222
-0.0874316939890711
-0.0874316939890711
-0.08729139922978192
-0.08729139922978192
-0.08727655099894845
-0.08727655099894845
-0.08727655099894845
-0.08727655099894845
-0.08721804511278192
-0.08721804511278192
-0.08721804511278192
-0.08716136631330984
-0.08711656441717784
-0.08711656441717784
-0.08706166868198312
-0.08706166868198312
-0.08706166868198312
-0.08700440528634353
-0.08690614136732329
-0.0868516284680338
-0.0868516284680338
-0.08680142687277048
-0.08680142687277048
-0.08680142687277048
-0.08680142687277048
-0.08680142687277048
-0.08680142687277048
-0.08680142687277048
-0.08680142687277048
-0.08680142687277048
-0.08678237650200266
-0.08678237650200266
-0.08677685950413219
-0.08662420382165602
-0.08662420382165602
-0.08661417322834648
-0.08661417322834648
-0.08661417322834648
-0.08661417322834648
-0.08661417322834648
-0.08652246256239605
-0.0865168539325843
-0.0865168539325843
-0.0865168539325843
-0.0865168539325843
-0.08641975308641975
-0.08622502628811764
-0.08622502628811764
-0.08622502628811764
-0.08622502628811764
-0.08609271523178802
-0.08606557377049176
-0.08606557377049176
-0.08600770218228501
-0.08600770218228501
-0.08600770218228501
-0.08598351001177869
-0.08598351001177869
-0.08598351001177869
-0.08598351001177869
-0.0859030837004405
-0.0859030837004405
-0.0859030837004405
-0.0859030837004405
-0.08588957055214724
-0.08585247883917785
-0.08585247883917785
-0.08574739281575888
-0.08574739281575888
-0.08571428571428577
-0.08571428571428577
-0.0856453558504223
-0.0856453558504223
-0.0856453558504223
-0.0856453558504223
-0.0856453558504223
-0.08561236623067764
-0.08561236623067764
-0.08561236623067764
-0.08561236623067764
-0.08561236623067764
-0.08561236623067764
-0.08561236623067764
-0.08548931383577062
-0.08548931383577062
-0.08548931383577062
-0.08544726301735654
-0.08544726301735654
-0.08544726301735654
-0.08539944903581252
-0.08539325842696624
-0.08539325842696624
-0.08539325842696624
-0.08539325842696624
-0.08535031847133762
-0.08535031847133762
-0.08535031847133762
-0.08535031847133762
-0.08535031847133762
-0.08535031847133762
-0.08521970705725689
-0.08521970705725689
-0.08518518518518527
-0.08518518518518527
-0.08517350157728702
-0.08517350157728702
-0.08517350157728702
-0.08517350157728702
-0.08509189925119129
-0.08509189925119129
-0.0848585690515807
-0.08480565371024738
-0.08480565371024738
-0.08480565371024738
-0.08480565371024738
-0.08480176211453747
-0.08480176211453747
-0.08480176211453747
-0.0847240051347883
-0.08466257668711663
-0.08466257668711663
-0.08458864426419463
-0.08458864426419463
-0.08458864426419463
-0.08443908323281062
-0.08443908323281062
-0.08443908323281062
-0.08443908323281062
-0.08443708609271526
-0.08443708609271526
-0.08442330558858496
-0.08442330558858496
-0.08442330558858496
-0.08442330558858496
-0.08442330558858496
-0.08442330558858496
-0.0844111640571818
-0.0843644544431946
-0.08426966292134833
-0.0842105263157895
-0.0842105263157895
-0.0842105263157895
-0.08412197686645637
-0.08412197686645637
-0.08412197686645637
-0.08411214953271044
-0.08411214953271044
-0.08407643312101903
-0.08407643312101903
-0.08402203856749305
-0.08402203856749305
-0.08402203856749305
-0.08402203856749305
-0.08395061728395058
-0.08395061728395058
-0.08395061728395058
-0.08395061728395058
-0.08373042886317231
-0.08373042886317231
-0.08373042886317231
-0.08373042886317231
-0.0837004405286343
-0.0837004405286343
-0.08362779740871623
-0.08362779740871623
-0.08362779740871623
-0.08362779740871623
-0.08362779740871623
-0.08343558282208585
-0.08343558282208585
-0.08343409915356718
-0.08343409915356718
-0.08343409915356718
-0.08343409915356718
-0.08343409915356718
-0.0834298957126304
-0.0834298957126304
-0.0834298957126304
-0.0834298957126304
-0.0834298957126304
-0.08333333333333344
-0.08323959505061873
-0.08323959505061873
-0.08323959505061873
-0.08323959505061873
-0.08323424494649227
-0.08323424494649227
-0.0832328106151991
-0.08319467554076539
-0.08314606741573041
-0.08314606741573041
-0.08307045215562557
-0.0830496936691628
-0.0830496936691628
-0.0830496936691628
-0.0830496936691628
-0.0830496936691628
-0.0830496936691628
-0.0830496936691628
-0.0830496936691628
-0.08278145695364239
-0.08277703604806412
-0.08271604938271608
-0.08271604938271608
-0.08271604938271608
-0.08271604938271608
-0.08270676691729323
-0.08270676691729323
-0.08270676691729323
-0.08264462809917356
-0.08259911894273127
-0.08259911894273127
-0.08259911894273127
-0.08259911894273127
-0.08255659121171757
-0.08255659121171757
-0.0824499411071849
-0.0824499411071849
-0.0824499411071849
-0.08236895847515312
-0.08236895847515312
-0.08236895847515312
-0.08236895847515312
-0.08236895847515312
-0.08236895847515312
-0.08222490931076175
-0.08220858895705525
-0.08220858895705525
-0.08211473565804286
-0.08211473565804286
-0.08211473565804286
-0.08211473565804286
-0.08204518430439943
-0.08204518430439943
-0.08204518430439943
-0.08204518430439943
-0.08204518430439943
-0.08202653799758758
-0.08202653799758758
-0.08202653799758758
-0.08202653799758758
-0.08202247191011233
-0.08202247191011233
-0.08202247191011233
-0.08202247191011233
-0.08202247191011233
-0.08201892744479493
-0.08201892744479493
-0.08201892744479493
-0.08201892744479493
-0.08201892744479493
-0.08201892744479493
-0.08196721311475409
-0.08168822328114363
-0.08168822328114363
-0.08168822328114363
-0.08168822328114363
-0.08168822328114363
-0.08152866242038223
-0.08152866242038223
-0.0814977973568281
-0.0814977973568281
-0.0814814814814814
-0.0814814814814814
-0.08144192256341799
-0.08127208480565377
-0.08127208480565377
-0.081225033288948
-0.081225033288948
-0.081225033288948
-0.081225033288948
-0.08120300751879697
-0.08111239860950174
-0.08111239860950174
-0.08111239860950174
-0.08111239860950174
-0.08111239860950174
-0.08101571946795652
-0.08100748808713414
-0.08100748808713414
-0.08100748808713414
-0.08100748808713414
-0.08098987626546685
-0.08098987626546685
-0.08098987626546685
-0.08098159509202447
-0.08098159509202447
-0.08098159509202447
-0.08098159509202447
-0.08096740273396413
-0.08096740273396413
-0.08089887640449442
-0.08089887640449442
-0.08089887640449442
-0.08087291399229796
-0.08087291399229796
-0.08087291399229796
-0.08087291399229796
-0.08085612366230675
-0.08085612366230675
-0.08085612366230675
-0.08085612366230675
-0.08085612366230675
-0.08085612366230675
-0.0808202653799759
-0.0808202653799759
-0.0808202653799759
-0.0808202653799759
-0.08060109289617494
-0.08060109289617494
-0.08039647577092507
-0.08039647577092507
-0.08039647577092507
-0.08039647577092507
-0.08039647577092507
-0.08039647577092507
-0.08032675289312464
-0.08032675289312464
-0.08032675289312464
-0.08032675289312464
-0.08032675289312464
-0.08032675289312464
-0.08032675289312464
-0.08032675289312464
-0.08032675289312464
-0.08025477707006366
-0.08024691358024691
-0.08010680907877168
-0.08009422850412262
-0.08009422850412262
-0.08009422850412262
-0.07995365005793734
-0.07991587802313349
-0.07991587802313349
-0.07989347536617844
-0.07989347536617844
-0.0798898071625344
-0.0798898071625344
-0.0798898071625344
-0.0798898071625344
-0.0798898071625344
-0.07986688851913484
-0.07980652962515125
-0.07980652962515125
-0.07977528089887634
-0.07977528089887634
-0.07975460122699386
-0.0796670630202139
-0.0796670630202139
-0.0796670630202139
-0.07964601769911515
-0.07964601769911515
-0.07964601769911515
-0.07964601769911515
-0.07958921694480106
-0.07958921694480106
-0.07958921694480106
-0.07958921694480106
-0.07958921694480106
-0.07958921694480106
-0.07947019867549664
-0.07947019867549664
-0.07929515418502206
-0.07929515418502206
-0.07929515418502206
-0.07929515418502206
-0.07923497267759559
-0.07923497267759559
-0.07923497267759559
-0.07901234567901241
-0.07896528250510547
-0.07896528250510547
-0.07896528250510547
-0.07891637220259132
-0.07891637220259132
-0.07886435331230285
-0.07886435331230285
-0.07886435331230285
-0.07879490150637308
-0.07879490150637308
-0.07879490150637308
-0.07874015748031496
-0.07874015748031496
-0.07859733978234583
-0.07852760736196326
-0.07852760736196326
-0.07851239669421473
-0.07851239669421473
-0.07851239669421473
-0.07847800237812122
-0.07847800237812122
-0.07847800237812122
-0.07840772014475271
-0.07830551989730435
-0.07830551989730435
-0.07830551989730435
-0.07828454731109598
-0.07828454731109598
-0.07828454731109598
-0.07828454731109598
-0.07828454731109598
-0.07828454731109598
-0.07828454731109598
-0.07828454731109598
-0.07819548872180455
-0.07819383259911888
-0.07819383259911888
-0.07819383259911888
-0.07786885245901642
-0.07786885245901642
-0.07786885245901642
-0.07781456953642377
-0.07781456953642377
-0.07781282860147205
-0.07781282860147205
-0.07777777777777774
-0.07777777777777774
-0.07773851590106017
-0.07770700636942668
-0.07770700636942668
-0.07763615295480884
-0.07761529808773909
-0.07761529808773909
-0.07761529808773909
-0.07760381211708649
-0.07760381211708649
-0.07752808988764051
-0.07752808988764051
-0.07752808988764051
-0.07752808988764051
-0.07752808988764051
-0.07743658210947946
-0.07743658210947946
-0.07743658210947946
-0.07743658210947946
-0.07738814993954057
-0.07738814993954057
-0.07730061349693249
-0.07728894173602854
-0.07723035952063911
-0.07723035952063911
-0.0772014475271412
-0.07713498622589525
-0.076923076923077
-0.076923076923077
-0.07676130389064141
-0.07676130389064141
-0.07676130389064141
-0.0766917293233083
-0.0766917293233083
-0.07656065959952885
-0.07654320987654324
-0.07653910149750418
-0.07653910149750418
-0.07653910149750418
-0.07653910149750418
-0.07650273224043727
-0.07650273224043727
-0.07649043869516323
-0.07649043869516323
-0.07643312101910828
-0.07640449438202244
-0.07640449438202244
-0.0762423417290675
-0.0762423417290675
-0.07617896009673515
-0.07617896009673515
-0.07617896009673515
-0.07615894039735102
-0.07615894039735102
-0.07610146862483315
-0.0760998810939357
-0.0760998810939357
-0.0760998810939357
-0.0760998810939357
-0.07607361963190187
-0.07607361963190187
-0.07599517490952969
-0.07599517490952969
-0.07599517490952969
-0.07599118942731269
-0.07599118942731269
-0.07599118942731269
-0.07599118942731269
-0.07589880159786937
-0.07589880159786937
-0.07575757575757576
-0.07575757575757576
-0.07570977917981062
-0.07570977917981062
-0.07538280329799771
-0.07538280329799771
-0.07536557930258721
-0.07531865585168018
-0.07530864197530857
-0.07528089887640453
-0.07513661202185792
-0.07513661202185792
-0.0749697702539299
-0.07491082045184301
-0.07491082045184301
-0.07491082045184301
-0.07491082045184301
-0.07491082045184301
-0.07488986784140966
-0.07488087134104833
-0.07487520798668885
-0.07487520798668885
-0.0748466257668711
-0.0748466257668711
-0.0748466257668711
-0.07478890229191801
-0.07478890229191801
-0.07476635514018702
-0.07476635514018702
-0.07465825446897996
-0.07465825446897996
-0.07465825446897996
-0.0745672436750998
-0.074454428754814
-0.074454428754814
-0.074454428754814
-0.07438016528925609
-0.07438016528925609
-0.07424071991001134
-0.07420494699646656
-0.07420494699646656
-0.07420013614703884
-0.07420013614703884
-0.07415990730011578
-0.07415990730011578
-0.07415990730011578
-0.07415730337078645
-0.07415730337078645
-0.07388535031847131
-0.07388535031847131
-0.07388535031847131
-0.07388535031847131
-0.07388535031847131
-0.07388535031847131
-0.07388535031847131
-0.07378854625550664
-0.07377049180327876
-0.07372175980975017
-0.07372175980975017
-0.07372175980975017
-0.07372175980975017
-0.0736196319018405
-0.07360672975814932
-0.0735826296743065
-0.0735826296743065
-0.07351940095302935
-0.07351940095302935
-0.07343124165554071
-0.07343124165554071
-0.07343124165554071
-0.07343124165554071
-0.07323568575233023
-0.07323568575233023
-0.07323568575233023
-0.07323568575233023
-0.07321131447587352
-0.07321131447587352
-0.07317073170731711
-0.07317073170731711
-0.07317073170731711
-0.07302709069493525
-0.07302709069493525
-0.07300115874855154
-0.07284768211920528
-0.07284768211920528
-0.07284768211920528
-0.07283950617283957
-0.07283866575901986
-0.07268722466960346
-0.07268722466960346
-0.0726114649681529
-0.07255520504731852
-0.07255520504731852
-0.07255520504731852
-0.07255520504731852
-0.07253269916765749
-0.07253269916765749
-0.07253269916765749
-0.07253269916765749
-0.0723763570566948
-0.07215793056501017
-0.07215793056501017
-0.07215793056501017
-0.07215793056501017
-0.07215793056501017
-0.07215793056501017
-0.07215793056501017
-0.0720961281708946
-0.0720961281708946
-0.07191011235955062
-0.07191011235955062
-0.07190412782956047
-0.07190412782956047
-0.07190412782956047
-0.07190412782956047
-0.07188703465982038
-0.07188703465982038
-0.07188703465982038
-0.0718492343934041
-0.07184241019698728
-0.07184241019698728
-0.07184241019698728
-0.07162534435261693
-0.0716049382716049
-0.0716049382716049
-0.0716049382716049
-0.0716049382716049
-0.07154742096505831
-0.07150368033648788
-0.07150368033648788
-0.07147719537100068
-0.07147719537100068
-0.07147719537100068
-0.07147719537100068
-0.07147719537100068
-0.07147719537100068
-0.07147719537100068
-0.07147719537100068
-0.07134363852556481
-0.07134363852556481
-0.07134220072551398
-0.07133757961783432
-0.07133757961783432
-0.07119205298013241
-0.0711656441717791
-0.0711656441717791
-0.0711656441717791
-0.07103825136612026
-0.07086614173228359
-0.07086614173228359
-0.07079646017699119
-0.07079646017699119
-0.07079646017699119
-0.07079646017699119
-0.07079646017699119
-0.07079646017699119
-0.07079646017699119
-0.07079646017699119
-0.07078651685393256
-0.07078651685393256
-0.07078651685393256
-0.07076101468624847
-0.07068366164542288
-0.07068366164542288
-0.07067669172932335
-0.07067669172932335
-0.07067669172932335
-0.07067137809187278
-0.07060333761232349
-0.07060333761232349
-0.07060333761232349
-0.07060333761232349
-0.07048458149779727
-0.07048458149779727
-0.07048458149779727
-0.07045215562565708
-0.07045215562565708
-0.07045215562565708
-0.0703703703703704
-0.0703703703703704
-0.07024793388429745
-0.07024793388429745
-0.07013301088270855
-0.07013301088270855
-0.07013301088270855
-0.07013301088270855
-0.0701157249829817
-0.0701157249829817
-0.07006369426751592
-0.07006369426751592
-0.07006369426751592
-0.06996381182147178
-0.06996381182147178
-0.06996381182147178
-0.0699386503067485
-0.06988352745424298
-0.06974128233970757
-0.06974128233970757
-0.0696721311475411
-0.06966292134831464
-0.06953642384105953
-0.06952491309385864
-0.06943498978897221
-0.06943498978897221
-0.06943498978897221
-0.06943498978897221
-0.06943498978897221
-0.06942590120160216
-0.06942590120160216
-0.06940063091482644
-0.06940063091482644
-0.06938325991189424
-0.06938325991189424
-0.06938325991189424
-0.06931964056482677
-0.06931964056482677
-0.06924101198402116
-0.0691729323308271
-0.06913580246913573
-0.06913580246913573
-0.06913580246913573
-0.06896551724137928
-0.06896551724137928
-0.06896551724137928
-0.06887052341597796
-0.06878980891719752
-0.06878980891719752
-0.0687575392038601
-0.0687575392038601
-0.0687575392038601
-0.06875425459496252
-0.06875425459496252
-0.06875425459496252
-0.06875425459496252
-0.06875425459496252
-0.06875425459496252
-0.06875425459496252
-0.06875425459496252
-0.06875425459496252
-0.06875425459496252
-0.06871165644171773
-0.0686164229471317
-0.0686164229471317
-0.06853932584269656
-0.0683491062039958
-0.0683491062039958
-0.0683491062039958
-0.06831566548881049
-0.06831566548881049
-0.06831566548881049
-0.06828193832599122
-0.06828193832599122
-0.06828193832599122
-0.06828193832599122
-0.06821963394342764
-0.06809078771695605
-0.06807351940095302
-0.06807351940095302
-0.06807351940095302
-0.06807351940095302
-0.06803594351733006
-0.0679094540612516
-0.0679094540612516
-0.06790123456790123
-0.06788079470198678
-0.06788079470198678
-0.06788079470198678
-0.06777645659928644
-0.06777645659928644
-0.06777645659928644
-0.06777645659928644
-0.06777645659928644
-0.06771463119709804
-0.06771463119709804
-0.06771463119709804
-0.06766917293233082
-0.06766917293233082
-0.06766917293233082
-0.06755126658624859
-0.06755126658624859
-0.06755126658624859
-0.06749311294765829
-0.06749156355455567
-0.06749156355455567
-0.06748466257668712
-0.06748466257668712
-0.06748466257668712
-0.06739278420694353
-0.06739278420694353
-0.06739278420694353
-0.06739278420694353
-0.06739278420694353
-0.067297581493165
-0.06720741599072998
-0.06720741599072998
-0.06720741599072998
-0.06718061674008804
-0.06713780918727918
-0.06713780918727918
-0.06693989071038259
-0.06671204901293404
-0.06671204901293404
-0.06671204901293404
-0.06666666666666674
-0.06658739595719375
-0.06658739595719375
-0.06657789613848203
-0.06655574043261231
-0.06655574043261231
-0.06650544135429262
-0.06650544135429262
-0.06650544135429262
-0.06650544135429262
-0.06634499396863691
-0.06634499396863691
-0.06634499396863691
-0.06625766871165652
-0.06625766871165652
-0.06624605678233436
-0.06624605678233436
-0.06624605678233436
-0.06624203821656055
-0.06622516556291391
-0.06616541353383457
-0.0661157024793388
-0.0661157024793388
-0.06607929515418502
-0.06604866743916574
-0.06604866743916574
-0.06604866743916574
-0.06603131381892455
-0.06603131381892455
-0.06603131381892455
-0.06603131381892455
-0.06603131381892455
-0.06557377049180324
-0.06557377049180324
-0.06546854942233643
-0.06539833531510107
-0.06539833531510107
-0.06539833531510107
-0.06539833531510107
-0.06539833531510107
-0.06539833531510107
-0.06539833531510107
-0.06539833531510107
-0.06535057862491486
-0.06535057862491486
-0.06535057862491486
-0.06535057862491486
-0.06535057862491486
-0.06535057862491486
-0.06535057862491486
-0.06535057862491486
-0.06529625151148737
-0.06529625151148737
-0.06524184476940395
-0.06524184476940395
-0.06524184476940395
-0.06519453207150357
-0.06519453207150357
-0.06519453207150357
-0.06516853932584267
-0.06516853932584267
-0.06516853932584267
-0.06516853932584267
-0.0651387213510254
-0.0651387213510254
-0.06503067484662574
-0.06496815286624197
-0.06478209658421673
-0.06478209658421673
-0.06478209658421673
-0.06478209658421673
-0.06473829201101913
-0.06473829201101913
-0.06466984343090537
-0.06466984343090537
-0.06466984343090537
-0.06466984343090537
-0.06466984343090537
-0.06466984343090537
-0.06466984343090537
-0.06466984343090537
-0.06466984343090537
-0.06466984343090537
-0.06466984343090537
-0.06466984343090537
-0.06466165413533831
-0.06456953642384104
-0.06456953642384104
-0.06420927467300823
-0.06420927467300823
-0.06420927467300823
-0.06420927467300823
-0.06420765027322407
-0.06420765027322407
-0.06420765027322407
-0.06420765027322407
-0.06420765027322407
-0.06418485237483953
-0.06418485237483953
-0.06414300736067292
-0.06414300736067292
-0.06414300736067292
-0.06411698537682793
-0.06411698537682793
-0.06411698537682793
-0.06404494382022476
-0.06404494382022476
-0.06404494382022476
-0.06398910823689588
-0.06393244873341389
-0.06393244873341389
-0.06391478029294272
-0.06391478029294272
-0.06387665198237882
-0.06387665198237882
-0.06387665198237882
-0.06387665198237882
-0.06380368098159513
-0.06373117033603708
-0.06373117033603708
-0.06369426751592357
-0.06360424028268558
-0.06360424028268558
-0.06360424028268558
-0.06360424028268558
-0.06330837304288639
-0.06330837304288639
-0.06330837304288639
-0.06330837304288639
-0.06322795341098177
-0.06322795341098177
-0.06322795341098177
-0.06322795341098177
-0.06302021403091555
-0.06299212598425206
-0.06296296296296289
-0.06292134831460668
-0.06292134831460668
-0.06291390728476817
-0.06287787182587669
-0.06284153005464492
-0.0627753303964758
-0.06275033377837119
-0.0626276378488769
-0.0626276378488769
-0.0626276378488769
-0.06258322237017296
-0.06258322237017296
-0.06257668711656435
-0.06257242178447267
-0.06257242178447267
-0.06257242178447267
-0.06257242178447267
-0.06242638398115443
-0.062420382165605165
-0.062039957939011486
-0.06198347107438017
-0.06198347107438017
-0.061946902654867214
-0.061946902654867214
-0.061946902654867214
-0.061946902654867214
-0.061946902654867214
-0.061867266591676046
-0.061867266591676046
-0.061867266591676046
-0.061867266591676046
-0.061867266591676046
-0.061831153388822696
-0.061831153388822696
-0.06179775280898876
-0.06179775280898876
-0.06179775280898876
-0.06172839506172839
-0.061674008810572625
-0.061674008810572625
-0.06166868198307144
-0.06166868198307144
-0.06165413533834588
-0.06165413533834588
-0.06165413533834588
-0.06165413533834588
-0.0616174582798461
-0.0616174582798461
-0.06156405990016643
-0.06147540983606557
-0.06147540983606557
-0.06141522029372508
-0.06141522029372508
-0.06141522029372508
-0.06141367323290843
-0.06134969325153374
-0.06126616746085772
-0.06126616746085772
-0.06125166444740339
-0.06125166444740339
-0.06125166444740339
-0.06114649681528659
-0.06114649681528659
-0.06098843322818084
-0.06098843322818084
-0.06098843322818084
-0.06098843322818084
-0.06074240719910017
-0.06074240719910017
-0.06067415730337085
-0.06067415730337085
-0.06064209274673002
-0.06064209274673002
-0.06064209274673002
-0.0606060606060605
-0.0606060606060605
-0.0605726872246696
-0.0605726872246696
-0.060333761232349195
-0.060313630880579006
-0.060313630880579006
-0.060313630880579006
-0.060313630880579006
-0.060254924681344184
-0.06015037593984962
-0.06010928961748641
-0.06010928961748641
-0.06008010680907877
-0.06008010680907877
-0.06008010680907877
-0.06007067137809196
-0.06007067137809196
-0.05993690851735004
-0.05993690851735004
-0.05992010652463382
-0.05992010652463382
-0.05990469707283874
-0.05990016638935111
-0.05987261146496818
-0.05987261146496818
-0.059617547806524306
-0.05960264900662254
-0.05960264900662254
-0.05947136563876643
-0.05947136563876643
-0.05947136563876643
-0.05947136563876643
-0.05947136563876643
-0.05945303210463734
-0.059228650137741014
-0.05922396187882925
-0.05922396187882925
-0.05922396187882925
-0.05922396187882925
-0.05922396187882925
-0.05922396187882925
-0.05922396187882925
-0.05922396187882925
-0.05909617612977977
-0.05909617612977977
-0.05905006418485249
-0.0588853838065194
-0.0588853838065194
-0.0588853838065194
-0.05874499332443265
-0.05874316939890707
-0.058646616541353364
-0.058646616541353364
-0.058646616541353364
-0.058598726114649606
-0.05858854860186406
-0.05858854860186406
-0.058543226684819566
-0.058543226684819566
-0.058492688413948286
-0.05837004405286341
-0.058263971462544493
-0.05804111245465535
-0.05804111245465535
-0.05804111245465535
-0.058024691358024724
-0.058024691358024724
-0.058024691358024724
-0.058024691358024724
-0.058024691358024724
-0.05793742757821553
-0.05793742757821553
-0.057862491490810075
-0.057862491490810075
-0.057862491490810075
-0.057862491490810075
-0.057862491490810075
-0.057862491490810075
-0.057862491490810075
-0.057862491490810075
-0.05783385909568875
-0.05783385909568875
-0.05776636713735558
-0.05776636713735558
-0.05776636713735558
-0.057668711656441746
-0.057668711656441746
-0.057668711656441746
-0.05740987983978653
-0.05740987983978653
-0.057377049180327905
-0.05736782902137242
-0.05730337078651679
-0.05726872246696039
-0.05726872246696039
-0.05725699067909451
-0.057181756296800584
-0.057181756296800584
-0.057181756296800584
-0.057181756296800584
-0.0571428571428571
-0.05707491082045182
-0.05707491082045182
-0.05707491082045182
-0.056831922611850084
-0.056831922611850084
-0.056831922611850084
-0.056782334384857955
-0.056782334384857955
-0.056782334384857955
-0.05677867902665112
-0.05650102110279109
-0.05650102110279109
-0.05648267008985886
-0.05648267008985886
-0.05648267008985886
-0.05647382920110186
-0.056441717791410974
-0.056441717791410974
-0.056179775280898875
-0.0561674008810572
-0.0561674008810572
-0.0561674008810572
-0.05605095541401281
-0.05601092896174875
-0.05592543275632475
-0.05588585017835897
-0.05588585017835897
-0.05588585017835897
-0.0558202859087816
-0.0558202859087816
-0.0558202859087816
-0.05562273276904484
-0.05561993047508688
-0.05555555555555555
-0.05555555555555555
-0.05555555555555555
-0.05548854041013279
-0.05548854041013279
-0.05548854041013279
-0.05535924617196705
-0.05521472392638037
-0.05519897304236214
-0.05513955071477192
-0.05506607929515419
-0.05505617977528096
-0.05505617977528096
-0.054777070063694235
-0.0547396528704941
-0.0547396528704941
-0.054696789536266284
-0.054696789536266284
-0.054696789536266284
-0.054696789536266284
-0.05467928496319652
-0.0546448087431694
-0.054593874833555184
-0.054593874833555184
-0.054593874833555184
-0.054593874833555184
-0.05446118192352263
-0.05446118192352263
-0.05446118192352263
-0.05445881552076241
-0.05441354292623943
-0.05441354292623943
-0.05432098765432106
-0.05432098765432106
-0.05432098765432106
-0.05432098765432106
-0.0541813898704359
-0.0541813898704359
-0.0541813898704359
-0.05413533834586468
-0.05399325084364467
-0.05399325084364467
-0.05399325084364467
-0.05398773006134976
-0.05398773006134976
-0.05398773006134976
-0.053964757709251
-0.05393258426966288
-0.0537190082644627
-0.0537190082644627
-0.0537190082644627
-0.0537190082644627
-0.0537190082644627
-0.053627760252365875
-0.053507728894173615
-0.053507728894173615
-0.05340453938584779
-0.05340453938584779
-0.05340453938584779
-0.053302433371958224
-0.053302433371958224
-0.05327868852459024
-0.05327868852459024
-0.053262316910785625
-0.053262316910785625
-0.053204353083434165
-0.053204353083434165
-0.05309734513274344
-0.05308641975308639
-0.053075995174909595
-0.053075995174909595
-0.05300353356890459
-0.052980132450331056
-0.05286839145106865
-0.05286343612334799
-0.05286343612334799
-0.05280898876404497
-0.05276073619631898
-0.05263157894736853
-0.05263157894736853
-0.05263157894736853
-0.05263157894736853
-0.05263157894736842
-0.05257623554153524
-0.05241660993873395
-0.05234159779614322
-0.052318668252080765
-0.052318668252080765
-0.052318668252080765
-0.052318668252080765
-0.052318668252080765
-0.05222929936305725
-0.05222929936305725
-0.05222929936305725
-0.05214368482039398
-0.05214368482039398
-0.05214368482039398
-0.05199516324062874
-0.051912568306010896
-0.051869722557298076
-0.051869722557298076
-0.051851851851851885
-0.051851851851851885
-0.05182567726737344
-0.05182567726737344
-0.05174353205849278
-0.05174353205849278
-0.05173587474472426
-0.05173587474472426
-0.051685393258426894
-0.051685393258426894
-0.051685393258426894
-0.051580698835274566
-0.051524710830704444
-0.05134788189987163
-0.05134788189987163
-0.051324503311258304
-0.05112960760998808
-0.05112960760998808
-0.05112960760998808
-0.05112960760998808
-0.05105513955071477
-0.05105513955071477
-0.050984936268829564
-0.05096418732782354
-0.05095541401273886
-0.050785973397823495
-0.050785973397823495
-0.050785973397823495
-0.05073431241655555
-0.05073431241655555
-0.05073431241655555
-0.05073431241655555
-0.0506634499396864
-0.050660792951541786
-0.050660792951541786
-0.050660792951541786
-0.050660792951541786
-0.0506478209658423
-0.0506478209658423
-0.0506478209658423
-0.050618672665916756
-0.050618672665916756
-0.050617283950617216
-0.050617283950617216
-0.050617283950617216
-0.05059920106524631
-0.05059920106524631
-0.05059920106524631
-0.05056179775280898
-0.05056179775280898
-0.05054644808743172
-0.05047318611987379
-0.05037440435670528
-0.05037440435670528
-0.05037440435670528
-0.05037440435670528
-0.05037440435670528
-0.0503067484662576
-0.0503067484662576
-0.0503067484662576
-0.05006418485237491
-0.04994054696789523
-0.04994054696789523
-0.04982618771726532
-0.04969366916269579
-0.049681528662420454
-0.049681528662420454
-0.049681528662420454
-0.049668874172185434
-0.049668874172185434
-0.04958677685950406
-0.04957678355501824
-0.04957678355501824
-0.04955947136563877
-0.04955947136563877
-0.049493813273340896
-0.049493813273340896
-0.049493813273340896
-0.049457177322074886
-0.049457177322074886
-0.04943820224719107
-0.04943820224719107
-0.04943820224719107
-0.04942166140904299
-0.04942166140904299
-0.04942166140904299
-0.049399198931909256
-0.049399198931909256
-0.04938271604938271
-0.04938271604938271
-0.049079754601226995
-0.049079754601226995
-0.04901293396868629
-0.04878048780487819
-0.04878048780487819
-0.04878048780487819
-0.04875148632580255
-0.04875148632580255
-0.04875148632580255
-0.04875148632580255
-0.04875148632580255
-0.04866743916570107
-0.04866743916570107
-0.04845814977973559
-0.04845814977973559
-0.04845814977973559
-0.04840764331210187
-0.04836895388076503
-0.04836759371221282
-0.04833219877467661
-0.04833219877467661
-0.048314606741572994
-0.048314606741572994
-0.04829210836277984
-0.04829210836277984
-0.04829210836277984
-0.048252911813643905
-0.04825090470446321
-0.04814814814814822
-0.04814814814814822
-0.04814814814814822
-0.04801324503311256
-0.04801324503311256
-0.04801324503311256
-0.04801324503311256
-0.047936085219706985
-0.04781420765027322
-0.04756242568370987
-0.04756242568370987
-0.04756242568370987
-0.04750869061413667
-0.04750869061413667
-0.04750869061413667
-0.04735682819383257
-0.04735682819383257
-0.047318611987381715
-0.047318611987381715
-0.04719101123595508
-0.04715840386940756
-0.04713375796178347
-0.04711425206124852
-0.04711425206124852
-0.04711425206124852
-0.047044632086851695
-0.04691358024691355
-0.04691358024691355
-0.0468319559228649
-0.04672897196261682
-0.04672897196261682
-0.04662576687116562
-0.04662576687116562
-0.04662576687116562
-0.04662576687116562
-0.04661654135338348
-0.04660452729693742
-0.04658901830282868
-0.04658901830282868
-0.04658901830282868
-0.04644808743169406
-0.04637336504161702
-0.04637336504161702
-0.04637336504161702
-0.04637336504161702
-0.04637336504161702
-0.04637336504161702
-0.04637336504161702
-0.04628999319264813
-0.04626708727655091
-0.04626708727655091
-0.04626708727655091
-0.04621309370988457
-0.04621309370988457
-0.04611923509561314
-0.04611923509561314
-0.04611923509561314
-0.04606741573033702
-0.04606741573033702
-0.04606741573033702
-0.04593639575971738
-0.04593639575971738
-0.04583835946924018
-0.045679012345679046
-0.045609257998638644
-0.045609257998638644
-0.04539877300613501
-0.045272969374167665
-0.04521556256572027
-0.04521556256572027
-0.045191193511008004
-0.045191193511008004
-0.045191193511008004
-0.045184304399524346
-0.045184304399524346
-0.04515418502202637
-0.04515418502202637
-0.04511278195488721
-0.04511278195488721
-0.04511278195488721
-0.044994375703037125
-0.044994375703037125
-0.04494382022471911
-0.04494382022471911
-0.04494382022471911
-0.04492852280462896
-0.044925124792013355
-0.04475853945818623
-0.04475853945818623
-0.04470198675496682
-0.0446320868516285
-0.0446320868516285
-0.04424778761061947
-0.04405874499332458
-0.04405286343612335
-0.04403244495944377
-0.04386951631046125
-0.04382022471910119
-0.04382022471910119
-0.04371584699453555
-0.04364569961489096
-0.04360902255639096
-0.04358068315665492
-0.04356705241660998
-0.04356705241660998
-0.043530834340991635
-0.0433121019108281
-0.04311251314405882
-0.043046357615894065
-0.043046357615894065
-0.042951541850220175
-0.042951541850220175
-0.042951541850220175
-0.04294478527607362
-0.04294478527607362
-0.0427446569178854
-0.0427446569178854
-0.04272363150867827
-0.04269972451790626
-0.04269972451790626
-0.04269662921348312
-0.042609853528628346
-0.04232164449818621
-0.04221954161640531
-0.04221954161640531
-0.042205582028590996
-0.04197530864197538
-0.04185022026431715
-0.04185022026431715
-0.041617122473246136
-0.041617122473246136
-0.04159733777038269
-0.04159733777038269
-0.041390728476821195
-0.041390728476821195
-0.04138851802403215
-0.04122497055359245
-0.04122497055359245
-0.041078305519897336
-0.04101326899879379
-0.04100946372239739
-0.04100946372239739
-0.04100946372239739
-0.04100946372239739
-0.04100946372239739
-0.04084411164057181
-0.040764331210191115
-0.04055619930475087
-0.0404949381327335
-0.04049079754601224
-0.04044943820224713
-0.0404280618311533
-0.04016337644656232
-0.04016337644656232
-0.04016337644656232
-0.04005340453938584
-0.03994673768308922
-0.0399449035812671
-0.0399449035812671
-0.039933444259567366
-0.039933444259567366
-0.039933444259567366
-0.039903264812575535
-0.03979460847240062
-0.03973509933774832
-0.03973509933774832
-0.039647577092510954
-0.039647577092510954
-0.039647577092510954
-0.03961748633879789
-0.03961748633879789
-0.03949044585987254
-0.03937007874015748
-0.03932584269662921
-0.03926380368098163
-0.03923900118906061
-0.03923900118906061
-0.03909774436090228
-0.03890641430073595
-0.03880190605854334
-0.03871829105473973
-0.03861517976031947
-0.0386007237635706
-0.038567493112947625
-0.03854625550660793
-0.03854625550660793
-0.03854625550660793
-0.03851091142490372
-0.03826955074875215
-0.03823870220162222
-0.03823870220162222
-0.03821656050955414
-0.038121170864533656
-0.03804994054696776
-0.03803680981595085
-0.03785488958990531
-0.037691401648998854
-0.03759398496240601
-0.03759398496240601
-0.03759398496240601
-0.037444933920704755
-0.037444933920704755
-0.03739445114595909
-0.03739445114595909
-0.037227214377407
-0.037227214377407
-0.03712035995500575
-0.03707995365005797
-0.037078651685393225
-0.037037037037037035
-0.036942675159235744
-0.036942675159235744
-0.036860879904875084
-0.036860879904875084
-0.03680981595092025
-0.03680981595092025
-0.03680336487907466
-0.03680336487907466
-0.036605657237936816
-0.03642384105960258
-0.03642384105960258
-0.03627569528415961
-0.03609022556390986
-0.03609022556390986
-0.03599550056242973
-0.03595206391478015
-0.03594351732991029
-0.035812672176308465
-0.035812672176308465
-0.03580246913580254
-0.03580246913580254
-0.03580246913580254
-0.03575184016824386
-0.03575184016824386
-0.03567181926278241
-0.03566878980891716
-0.03558282208588964
-0.03558282208588964
-0.035519125683060225
-0.03524229074889871
-0.03524229074889871
-0.03506650544135436
-0.03506650544135436
-0.03498190591073589
-0.034768211920529826
-0.03476245654692932
-0.03471749489448601
-0.03471749489448601
-0.034659820282413385
-0.03462050599201058
-0.03448275862068956
-0.03443526170798898
-0.034355828220858864
-0.034157832744405245
-0.03415300546448087
-0.03415300546448087
-0.034140969162995534
-0.03385731559854894
-0.03377563329312438
-0.03377563329312438
-0.033745781777277835
-0.033707865168539325
-0.033707865168539325
-0.033648790746582426
-0.033648790746582426
-0.033603707995364905
-0.03337783711615487
-0.03337783711615487
-0.03337783711615487
-0.03337783711615487
-0.03337612323491667
-0.03335602450646702
-0.033293697978596874
-0.033293697978596874
-0.033288948069241014
-0.033288948069241014
-0.033288948069241014
-0.03312883435582826
-0.033121019108280185
-0.033121019108280185
-0.033121019108280185
-0.033112582781456956
-0.033112582781456956
-0.033112582781456956
-0.0329799764428741
-0.0329799764428741
-0.03278688524590172
-0.03259726603575178
-0.0325693606755127
-0.032444959443800665
-0.03210463733650403
-0.0320987654320987
-0.0320987654320987
-0.03209242618741977
-0.03209242618741977
-0.03209242618741977
-0.03209242618741977
-0.03209242618741977
-0.03204272363150875
-0.03199455411844804
-0.031938325991189336
-0.031938325991189336
-0.03190184049079747
-0.03190184049079747
-0.03184713375796178
-0.03184713375796178
-0.03180212014134279
-0.03168044077134983
-0.03161397670549083
-0.03161397670549083
-0.03149606299212611
-0.03146067415730334
-0.031456953642384086
-0.031456953642384086
-0.031438935912938434
-0.031438935912938434
-0.03128621089223642
-0.030915576694411348
-0.030915576694411348
-0.030915576694411348
-0.030864197530864196
-0.030864197530864196
-0.030864197530864196
-0.030837004405286313
-0.03067484662576687
-0.03067484662576687
-0.03067484662576687
-0.03063308373042886
-0.03063308373042886
-0.030625832223701695
-0.03062426383981164
-0.030573248407643385
-0.030494216614090342
-0.030494216614090342
-0.030494216614090342
-0.030494216614090342
-0.030371203599550086
-0.030303030303030148
-0.030303030303030148
-0.03022974607013301
-0.03022974607013301
-0.03022974607013301
-0.030156815440289503
-0.030156815440289503
-0.03007518796992481
-0.03007518796992481
-0.030054644808743206
-0.02995234853641937
-0.02995234853641937
-0.02980132450331121
-0.029735682819383293
-0.02972651605231867
-0.02972651605231867
-0.02972651605231867
-0.02972651605231867
-0.02972651605231867
-0.02972651605231867
-0.02972651605231867
-0.0296296296296297
-0.02952503209242633
-0.029447852760736266
-0.029446407538280327
-0.029446407538280327
-0.029446407538280327
-0.029446407538280327
-0.0294426919032597
-0.029299363057324803
-0.02929427430093194
-0.02929427430093194
-0.02927161334240988
-0.02921348314606735
-0.02921348314606735
-0.02921348314606735
-0.028968713789107765
-0.028968713789107765
-0.028968713789107765
-0.02895054282267799
-0.02895054282267799
-0.02895054282267799
-0.028590878148400386
-0.028537455410225822
-0.028537455410225822
-0.028268551236749186
-0.028268551236749186
-0.028268551236749186
-0.028268551236749186
-0.028121484814398197
-0.028121484814398197
-0.028121484814398197
-0.028121484814398197
-0.028121484814398197
-0.028121484814398197
-0.028121484814398197
-0.028089887640449437
-0.028089887640449437
-0.028089887640449437
-0.028025477707006405
-0.027962716378162375
-0.0279101429543907
-0.027811366384522335
-0.027811366384522335
-0.027809965237543356
-0.027809965237543356
-0.02754820936639119
-0.02754820936639119
-0.02754820936639119
-0.027533039647577095
-0.027533039647577095
-0.027533039647577095
-0.027533039647577095
-0.027533039647577095
-0.027533039647577095
-0.027348394768133142
-0.02733964248159826
-0.02733964248159826
-0.02733964248159826
-0.0273224043715847
-0.0273224043715847
-0.0273224043715847
-0.0273224043715847
-0.0273224043715847
-0.027229407760381207
-0.026957637997432712
-0.026702269692923896
-0.026631158455392812
-0.026631158455392812
-0.026622296173044947
-0.026602176541717083
-0.026602176541717083
-0.02654867256637172
-0.026537997587454797
-0.026537997587454797
-0.02628811777076762
-0.02628811777076762
-0.02628811777076762
-0.02617079889807151
-0.026159334126040296
-0.026159334126040296
-0.026159334126040296
-0.026159334126040296
-0.026159334126040296
-0.026159334126040296
-0.02586793737236223
-0.02586793737236223
-0.025842696629213447
-0.025766871165644103
-0.025766871165644103
-0.025673940949935813
-0.025563909774436133
-0.02547770700636943
-0.02547770700636943
-0.02539298669891183
-0.025367156208277775
-0.025331724969843282
-0.025330396475770893
-0.025330396475770893
-0.025299600532623055
-0.025299600532623055
-0.025187202178352738
-0.025187202178352738
-0.024970273483947616
-0.024970273483947616
-0.024958402662229616
-0.024719101123595533
-0.024719101123595533
-0.024691358024691357
-0.024691358024691357
-0.024691358024691357
-0.024691358024691357
-0.024539877300613498
-0.024390243902439095
-0.024390243902439095
-0.024333719582850456
-0.024333719582850456
-0.024229074889867874
-0.024229074889867874
-0.024229074889867874
-0.024203821656051026
-0.024185068349106175
-0.024185068349106175
-0.024185068349106175
-0.02418379685610641
-0.02418379685610641
-0.023968042609853493
-0.023968042609853493
-0.02382573179033356
-0.02382573179033356
-0.023781212841854936
-0.023781212841854936
-0.023781212841854936
-0.023622047244094578
-0.023622047244094578
-0.023622047244094578
-0.023595505617977467
-0.023456790123456858
-0.023312883435582892
-0.023178807947019844
-0.023174971031286212
-0.023133543638275376
-0.023133543638275376
-0.023133543638275376
-0.02310654685494238
-0.022929936305732448
-0.02291917973462009
-0.02291917973462009
-0.02259215219976209
-0.02259215219976209
-0.02259215219976209
-0.022497187851518562
-0.022471910112359553
-0.022471910112359553
-0.022464261402314577
-0.022379269729093116
-0.022379269729093116
-0.022379269729093116
-0.022085889570552113
-0.022082018927444737
-0.022082018927444737
-0.022026431718061675
-0.022026431718061675
-0.022026431718061675
-0.022016222479721802
-0.022016222479721802
-0.022016222479721802
-0.021857923497267874
-0.021783526208305086
-0.021765417170495734
-0.021630615640599073
-0.021523178807946974
-0.021523178807946974
-0.021523178807946974
-0.0213723284589427
-0.0213723284589427
-0.02120141342756197
-0.0211027910142954
-0.021052631578947455
-0.02103049421661409
-0.02103049421661409
-0.020925110132158496
-0.020925110132158496
-0.02085747392815756
-0.02066115702479339
-0.020506634499396895
-0.020491803278688523
-0.020422055820285907
-0.020422055820285907
-0.020422055820285907
-0.020382165605095467
-0.02024746906636683
-0.01997336884154461
-0.019966722129783742
-0.019867549668874104
-0.019823788546255477
-0.019753086419753017
-0.019741320626276416
-0.01963190184049073
-0.019548872180451086
-0.019125683060109366
-0.018927444794952654
-0.018927444794952654
-0.018927444794952654
-0.018927444794952654
-0.018691588785046804
-0.018211920529801348
-0.018137847642079805
-0.017906336088154232
-0.017906336088154232
-0.017759562841530015
-0.017759562841530015
-0.017667844522968195
-0.01762114537444928
-0.017283950617284022
-0.017283950617284022
-0.017018379850238255
-0.016824395373291213
-0.016638935108153077
-0.016560509554140092
-0.016556291390728478
-0.016541353383458562
-0.01622247972190025
-0.01604938271604935
-0.01604938271604935
-0.015978695073235537
-0.015978695073235537
-0.01571946795646913
-0.01571946795646913
-0.01571946795646913
-0.015681544028950677
-0.015656909462219273
-0.015457788347205674
-0.015418502202643078
-0.015404364569961524
-0.015404364569961524
-0.015286624203821693
-0.015037593984962405
-0.015037593984962405
-0.015027322404371702
-0.014975041597337747
-0.014900662251655605
-0.014723926380368133
-0.014723926380368133
-0.014606741573033676
-0.014606741573033676
-0.014606741573033676
-0.014475271411338995
-0.014475271411338995
-0.014475271411338995
-0.014317180616740057
-0.014295439074200098
-0.014268727705112828
-0.014268727705112828
-0.014134275618374593
-0.014134275618374593
-0.014134275618374593
-0.014134275618374593
-0.014012738853503112
-0.01390498261877176
-0.01390498261877176
-0.01390498261877176
-0.01366982124079913
-0.01366982124079913
-0.01366120218579235
-0.013614703880190603
-0.013614703880190603
-0.013614703880190603
-0.01358024691358018
-0.013498312710911167
-0.013498312710911167
-0.013301088270858628
-0.013215859030837036
-0.013215859030837036
-0.013079667063020148
-0.012836970474967907
-0.012836970474967907
-0.012738853503184716
-0.012345679012345678
-0.012345679012345678
-0.012269938650306749
-0.012091898428053204
-0.012091898428053204
-0.012062726176115802
-0.012016021361815829
-0.012016021361815829
-0.01198402130492665
-0.011890606420927468
-0.011890606420927468
-0.01177856301531213
-0.011647254575707202
-0.011589403973509861
-0.011589403973509861
-0.011587485515643106
-0.011572498298162131
-0.011566771819137688
-0.011566771819137688
-0.01155327342747119
-0.01155327342747119
-0.011248593925759281
-0.011235955056179777
-0.011042944785276143
-0.011013215859030838
-0.011013215859030838
-0.011013215859030838
-0.010928961748633842
-0.010882708585247954
-0.010882708585247954
-0.010856453558504292
-0.010600706713780985
-0.010526315789473727
-0.010515247108307046
-0.010515247108307046
-0.010428736964078695
-0.010428736964078695
-0.010428736964078695
-0.010211027910142953
-0.010123734533183415
-0.010123734533183415
-0.009983361064891871
-0.009983361064891871
-0.009641873278236759
-0.009530292716133463
-0.009022556390977357
-0.008917197452229336
-0.008917197452229336
-0.00884955752212397
-0.00884955752212397
-0.00858895705521476
-0.008412197686645606
-0.008323424494649092
-0.008196721311475526
-0.008010680907877283
-0.007702182284980853
-0.0074074074074073374
-0.00736196319018398
-0.007360672975814813
-0.007360672975814813
-0.007134363852556414
-0.007134363852556414
-0.00706713780918738
-0.006952491309385797
-0.006749156355455663
-0.006741573033707802
-0.00660792951541844
-0.006369426751592358
-0.006172839506172839
-0.006045949214026602
-0.006015037593985048
-0.006015037593985048
-0.006015037593985048
-0.005945303210463734
-0.005617977528089888
-0.005617977528089888
-0.005509641873278121
-0.005464480874317017
-0.005340453938584855
-0.005134788189987236
-0.005095541401273957
-0.0049916805324459945
-0.004966887417218496
-0.004938271604938342
-0.004825090470446389
-0.004756242568370886
-0.004499437570303776
-0.004499437570303776
-0.004499437570303776
-0.004494382022471974
-0.004494382022471974
-0.004206098843322729
-0.004132231404958639
-0.004132231404958639
-0.004132231404958639
-0.004098360655737666
-0.004005340453938736
-0.004005340453938736
-0.003994673768308884
-0.003994673768308884
-0.003851091142490518
-0.003851091142490518
-0.0038216560509553776
-0.0038216560509553776
-0.0037037037037036687
-0.00368098159509199
-0.003567181926278207
-0.003403675970047651
-0.0033112582781456247
-0.00330396475770922
-0.003154574132492084
-0.003007518796992524
-0.0027322404371585085
-0.0027229407760381596
-0.002469135802469171
-0.0016638935108153315
-0.0016638935108153315
-0.0016556291390728713
-0.001503759398496155
-0.001503759398496155
-0.001377410468319481
-0.001377410468319481
-0.001377410468319481
-0.0013661202185793514
-0.0013661202185793514
-0.0012738853503183988
-0.0012738853503183988
-0.0012345679012344976
-0.0012345679012344976
-0.0012345679012344976
-0.0012345679012344976
-0.001206272617611683
-0.0011890606420926792
-0.0011890606420926792
-0.0011890606420926792
-0.0011890606420926792
-0.0011890606420926792
-0.0011890606420926792
-0.0011890606420926792
-0.0011235955056179137
-0.0011235955056179137
-0.0010515247108306449
-0.0010515247108306449
0.0
0.0
0.0
0.0
0.0
0.0
0.0
0.0
0.0
0.0
0.0
0.0
0.0
0.0
0.0
0.0
0.0
0.0
0.0
0.0
0.0
0.0
0.0
0.0
0.0
0.0
0.0
0.0
0.0
0.0
0.0
0.0
0.0
0.0
0.0
0.0
0.0
0.0
0.0
0.0
0.0
0.0
0.0
0.0
0.0
0.0
0.0
0.0
0.0
0.0
0.0
0.0
0.0
0.0
0.0
0.0
0.0
0.0
0.0
0.0
0.0
0.0
0.0
0.0
0.0
0.0
0.0
0.0
0.0
0.0
0.0
0.0
0.0
0.0
0.0
0.0
0.0
0.0
0.0
0.0
0.0
0.0
0.0
0.0
0.0
0.0
0.0
0.0
0.0
0.0
0.0
0.0
0.0
0.0
0.0
0.0
0.0
0.0
0.0
0.0
0.0
0.0
0.0
0.0
0.0
0.0
0.0
0.0
0.0
0.0
0.0
0.0
0.0
0.0
0.0
0.0
0.0
0.0
0.0
0.0
0.0
0.0
0.0
0.0
0.0
0.0
0.0
0.0
0.0
0.0
0.0
0.0
0.0
0.0
0.0
0.0
0.0
0.0
0.0
0.0
0.0
0.0
0.0
0.0
0.0
0.0
0.0
0.0
0.0
0.0
0.0
0.0
0.0
0.0
0.0
0.0
0.0
0.0
0.0
0.0
0.0
0.0
0.0
0.0
0.0
0.0
0.0
0.0
0.0
0.0
0.0
0.0
0.0
0.0
0.0
0.0
0.0
0.0
0.0
0.0
0.0
0.0
0.0
0.0
0.0
0.0
0.0
0.0
0.0
0.0
0.0
0.0
0.0
0.0
0.0
0.0
0.0
0.0
0.0
0.0
0.0
0.0
0.0
0.0
0.0
0.0
0.0
0.0
0.0
0.0
0.0
0.0
0.0
0.0
0.0
0.0
0.0
0.0
0.0
0.0
0.0
0.0
0.0
0.0
0.0
0.0
0.0
0.0
0.0
0.0
0.0
0.0
0.0
0.0
0.0
0.0
0.0
0.0
0.0
0.0
0.0
0.0
0.0
0.0
0.0
0.0
0.0
0.0
0.0
0.0
0.0
0.0
0.0
0.0
0.0
0.0
0.0
0.0
0.0
0.0
0.0
0.0
0.0
0.0
0.0
0.0
0.0
0.0
0.0
0.0
0.0
0.0
0.0
0.0
0.0
0.0
0.0
0.0
0.0
0.0
0.0
0.0
0.0
0.0
0.0
0.0
0.0
0.0
0.0
0.0
0.0
0.0
0.0
0.0
0.0
0.0
0.0
0.0
0.0
0.0
0.0
0.0
0.0
0.0
0.0011013215859031777
0.001124859392575864
0.0011587485515644094
0.0011587485515644094
0.0011587485515644094
0.0011587485515644094
0.0011587485515644094
0.0011587485515644094
0.0011587485515644094
0.001177856301531146
0.001177856301531146
0.001177856301531146
0.001177856301531146
0.001177856301531146
0.001189060642092848
0.001189060642092848
0.001189060642092848
0.001189060642092848
0.0012062726176115116
0.0012062726176115116
0.0012062726176115116
0.0012062726176115116
0.0012062726176115116
0.0012062726176115116
0.0012062726176115116
0.0012062726176115116
0.0012091898428052516
0.0012836970474967178
0.001335113484646119
0.0016638935108153315
0.0016638935108153315
0.0016638935108153315
0.0020422055820284745
0.002249718785151728
0.002355712603062292
0.002663115845539319
0.003007518796992524
0.00330396475770922
0.003370786516853901
0.003374578177727752
0.003374578177727752
0.003403675970047651
0.0034762456546928986
0.0035335689045936057
0.0035671819262783756
0.0035671819262783756
0.003618817852834706
0.0036275695284159267
0.0036275695284159267
0.00368098159509199
0.0038510911424903356
0.004405286343612398
0.004405286343612398
0.004405286343612398
0.004499437570303616
0.004634994206257308
0.004711425206124752
0.004756242568371055
0.004825090470446217
0.004907975460122769
0.005464480874316823
0.005793742757821553
0.005945303210463734
0.006015037593985048
0.006172839506172839
0.0066225165562913664
0.0066225165562913664
0.006741573033707802
0.006741573033707802
0.006830601092896175
0.006887052341597797
0.006887052341597797
0.007237635705669412
0.007255139056831853
0.007255139056831853
0.007360672975814962
0.007643312101910755
0.007643312101910755
0.007989347536617957
0.007989347536617957
0.008010680907877094
0.008319467554076539
0.008323424494649262
0.008323424494649262
0.008443908323280925
0.00881057268722464
0.009269988412514451
0.009463722397476402
0.009641873278236955
0.009673518742442528
0.009911894273127816
0.009983361064891871
0.009983361064891871
0.010112359550561863
0.011042944785276143
0.011235955056179777
0.011890606420927468
0.012618296529968485
0.012956419316843278
0.013215859030837036
0.013215859030837036
0.013315579227696406
0.013351134846461948
0.013483146067415762
0.013498312710911007
0.013774104683195594
0.014268727705112996
0.014268727705112996
0.014723926380368133
0.015063731170336003
0.015063731170336003
0.015286624203821693
0.015404364569961342
0.015457788347205842
0.01571946795646913
0.015978695073235724
0.016021361815754188
0.016489988221436883
0.016853932584269662
0.017310252996005478
0.017835909631391204
0.01804511278195493
0.018404907975460124
0.01902497027348405
0.021052631578947455
0.021630615640598955
0.02203856749311307
0.02222222222222219
0.022592152199762253
0.022592152199762253
0.02322404371584703
0.02355712603062426
0.023781212841854936
0.024032042723631467
0.024060150375939764
0.024125452352231604
0.024691358024691357
0.024793388429752223
0.024970273483947786
0.025331724969843115
0.025367156208277584
0.025912838633686555
0.026170798898071706
0.0273224043715847
0.0273224043715847
0.02754820936639119
0.028037383177570017
0.028089887640449437
0.029372496662216134
0.02972651605231867
0.029950083194675493
0.03007518796992481
0.03067484662576687
0.03067484662576687
0.03184713375796178
0.03184713375796178
0.033277870216306155
0.033288948069241014
0.033288948069241014
0.03333333333333337
0.03415300546448087
0.03415300546448087
0.03443526170798898
0.03443526170798898
0.03443526170798898
0.03494176372712149
0.03494176372712149
0.036048064085447105
0.03688524590163938
0.03728362183755009
0.03759398496240601
0.03825136612021854
0.038718291054739534
0.0396174863387977
0.03973509933774832
0.0399449035812673
0.04060150375939855
0.04127829560585897
0.04171494785631528
0.04197530864197538
0.04326123128119803
0.04470198675496693
0.04611923509561298
0.04660452729693742
0.04691358024691355
0.04836759371221282
0.04840764331210187
0.04991680532445923
0.05413533834586458
0.05473965287049391
0.054777070063694235
0.05794701986754967
0.05804111245465535
0.05990016638935111
0.06291390728476828
0.06291390728476828
0.06315789473684215
0.07615894039735102
0.0812030075187971
0.08940397350993376
0.10648918469217968
0.11148086522462557
