0.119495945121
0.55742128632
0.669329328126
0.991357717405
0.0
0.0256168051559
0.114765766867
0.306498165795
0.467259586886
0.625188269239
0.824251365285
0.820484244437
0.0
0.394049813071
0.566339115129
0.0
0.0
0.267628201327
0.0383552950456
0.531562300128
0.0
0.0337868289469
0.277032138699
0.281143209212
0.73944759459
0.618624756846
0.0
0.172430478869
0.389324410435
0.525390432905
0.0
0.444121658443
0.228301098172
0.0783923382821
0.13104433192
0.121075199739
0.764805229405
0.631918574686
0.0264350853777
0.0418579280961
0.657322673651
0.0391051744595
0.0
0.42756143637
0.459723560981
0.182651208208
0.0335571495119
0.463327779673
0.390615261236
0.15600102705
0.24928655099
0.312047354949
0.0228416521016
0.320099422765
0.134072730757
0.166750536869
0.14554337529
0.0
0.506476393365
0.510037106347
0.181841381697
0.0
0.660177697487
0.454287089467
0.0
0.584026585087
0.27612545476
0.815490343731
0.709447012572
0.0
0.13920060883
0.0
0.119725244875
0.357385975581
0.0
0.459553774848
0.424933725123
0.208938687893
0.766776959195
0.170347017052
0.437043252033
0.0374623684908
0.337586089028
0.357859944472
0.320326924061
0.172904468641
0.504839570495
0.544680029487
0.0
0.0
0.0
0.479100606367
0.240740787945
0.215970345884
0.0
0.448232307365
0.219504282463
0.253376583895
0.246972990058
0.0
0.0321514188078
0.40852095936
0.0
0.316451737698
0.260192382756
0.497315541554
0.0
0.16742401866
0.110327717046
0.448826551411
0.119840132577
0.148320654564
0.574747872417
0.345227638651
0.634674572634
0.560835606677
0.526690471712
0.226513989993
0.399628884767
0.0
0.0600037582553
0.155833038057
0.461415659299
0.193004070475
0.549514293857
0.285277807956
0.024956916053
0.0180499276298
0.537542103967
0.0
0.615211435158
0.0302831174783
0.0227119316419
0.0558000755049
0.128308387762
0.570408862434
0.165304678978
0.272435064724
0.0
0.536168958858
0.347339049483
0.0
0.223077499638
0.13255358667
0.0997411192494
0.359125013422
0.485895923505
0.138047067116
0.554650603786
0.337855714877
0.0
0.298542838772
0.0
0.781143035721
0.47446384777
0.0
0.531385576962
0.0
0.0
0.383206873253
0.302872023003
0.354078661806
0.123114211586
0.0
0.351354099457
0.4692239395
0.0
0.0
0.184353453369
0.0353793500896
0.147800139473
0.0
1.0
0.03264782291
0.462356886784
0.0
0.587619994959
0.130288638625
0.0168076249095
0.666004558451
0.521018124076
0.0
0.182858520507
0.276807782105
0.396606247441
0.387490667812
0.0461240630268
0.319346824731
0.528579488739
0.0
0.461302472544
0.163395366482
0.127670122752
0.393459831572
0.210156196669
0.0
0.281014492351
0.0
0.0
0.178076932541
0.52276236421
0.0
0.611815883355
0.3249613145
0.0
0.195290992072
0.560702648482
0.0
0.335217673199
0.00345394338145
0.628473098396
0.426328168015
0.452504088935
0.734576158272
0.341743078214
0.279217858832
0.0
0.41253957424
0.0518185324484
0.0159780776647
0.0379314735512
0.381417607659
0.268303675571
0.156770849797
0.0672681444225
0.0
0.430344535503
0.855650543231
0.0112823307412
0.0
0.0
0.0253296639283
0.373122413518
0.0
0.0
0.0590626726454
0.0273287196261
0.141684027737
0.0
0.0
0.239130004644
0.0
0.161964916983
0.0
0.371975944825
0.211617188556
0.0
0.0
0.288931746793
0.0782921284991
0.762652032509
0.0
0.0
0.22494529103
0.0
0.952063816781
0.00714158011953
0.0
0.172202698497
0.0
0.0667519745998
0.174926213596
0.217128812739
0.321397232372
0.0306753229725
0.0
0.19942233841
0.88333794232
0.774690389329
0.528835333203
0.883004375589
0.10659364484
0.218326849939
0.46822088771
0.738917431774
0.616829373911
0.510789889067
0.844908194943
0.0
0.735650678437
0.248614776901
0.103739402739
0.726223751523
0.160546534083
0.0
0.446989964857
0.0415684961243
0.11811505589
0.0
0.122460359258
0.439314196325
0.0
0.653450310594
0.460688955092
0.0
0.248439903703
0.0296381055856
0.758520620839
0.210899107077
0.683004569045
0.0
0.0
0.306442928041
0.828597420254
0.358408127053
0.0584064232304
0.0213916087159
0.206934890399
0.625679687329
0.0
0.875046707415
0.17492101022
0.672337384076
0.440858206091
0.0
0.498676246097
0.298412505846
0.248449607785
0.51724425747
0.141635258019
0.402581447004
0.0
0.722750654091
0.0601307585794
0.0
0.346142883368
0.0248848170828
0.397484195174
0.410589034337
0.619496099337
0.56957036922
0.036899036247
0.0
0.239638464874
0.697961767575
0.0282757582336
0.0660394226101
0.144909568497
0.0
0.440303720344
0.038365365765
0.0
0.0391285405646
0.947460121541
0.428459117182
0.245512325432
0.0352837719416
1.0
0.320759428709
0.0776784510066
0.334244417441
0.574719237277
0.771260154444
0.716092548807
0.00998778223469
0.0255397184863
0.0
0.124492740639
0.571202496281
0.0
0.421964977725
0.486652556763
0.0636547883377
0.689784097201
0.130751088481
0.302253508176
0.0
0.0
0.0
0.0
0.604118930868
0.227164561355
0.315048372484
0.427102047907
0.614784411834
0.0
0.0
0.583064481056
0.135138432832
0.0
0.0
0.0523895860741
0.16683412681
0.191870497575
0.410378471901
0.0978712538423
0.515322223127
0.0500855134792
0.384887616772
0.181674823813
0.0292701395095
0.274135950407
0.0324073560106
0.722942030884
0.107371261146
0.116949439909
0.224477368473
0.0
0.514652174167
0.339580800042
0.133378745462
0.0
0.329964114266
0.699592328655
0.0
0.0
0.921929991884
0.303257371985
0.232065346362
0.404358181014
0.680485872642
0.299838615781
0.475218114801
0.257062352404
0.0949736655052
0.0
0.341681155712
0.294744133372
0.0
0.179768747398
0.0479188399073
0.231792734067
0.0
0.444052363293
0.564844423578
0.810057955678
0.366820661886
0.298564574505
0.539350472004
0.489628987914
0.330612431123
0.154285330112
0.139332724317
0.0
0.31623408692
0.836407830193
0.0
0.286181969484
0.470722226464
0.271717797171
0.0
0.619712615693
0.0
0.143717994535
0.625669811557
0.0377546069427
0.589963077928
0.268028393977
0.176418767832
0.0535629133562
0.153066003747
0.515651969887
0.0
0.0
0.0995839514356
0.0561703056411
0.504922400368
0.0
0.0
0.400958775112
0.608226444998
0.545933262384
0.184257236146
0.034036957657
0.127208019731
0.737349299475
0.452572486102
0.0
0.0144631790065
0.0
0.138610938962
0.613904348876
0.332307379893
0.0
0.428185323527
0.152268570751
0.379621910318
0.488086612796
0.0
0.197008240879
0.136668612281
0.294964757477
0.0
0.0
0.683026005479
0.602643078437
0.0348600663993
0.550356636544
0.472984022086
0.301235436978
0.738722262413
0.0
0.0
0.235516824249
0.116197550921
0.588245729175
0.257998532864
0.121465153742
0.141281771571
0.116542229478
0.0
0.0934377812169
0.883825041452
0.121315153249
0.587773187297
0.0
0.306891128112
0.388570173144
0.0402586449735
0.534062683189
0.727913655207
0.447371247324
0.559115136148
0.0
0.383688388027
0.0
0.0
0.247236894285
0.420430553741
0.590917009624
0.387434324485
0.859185445962
0.0
0.0
0.323610770418
0.199935097891
0.506253787261
0.0482090235488
0.0
0.396381775393
0.463767839785
0.179484335574
0.0267427243895
0.0
0.101374675223
0.0
0.271010542066
0.0
0.231020378353
0.0
0.154719316975
0.393717594391
0.667564506451
0.16156820294
0.259781828136
0.333124322875
0.229763976228
0.659834204247
0.0354418666897
0.0
0.0
0.354437114684
0.0
0.131431321943
0.0
0.303075172517
0.621743127686
0.0
0.71131460497
0.0239160902917
0.585596386315
0.13991128629
0.14932593909
0.0
0.178521860855
0.141766885762
0.195472586426
0.971564271978
0.210087243043
0.853598858244
0.0
0.112718489572
0.0
0.0
0.12964123974
0.180525330499
0.453554591684
0.569418238296
0.193252077463
0.0323501545265
0.776686383331
0.0644307293564
0.0395957011413
0.0571773007953
0.0
0.168795861171
0.049251311928
0.0382238864295
0.586576254692
0.0
0.0
0.167103142445
0.15073226616
0.050616770751
0.656368337503
0.0
0.0
0.580891406058
0.415503218792
0.255031852235
0.344412084443
0.531107607324
0.450262016262
0.252857040103
0.67576096902
0.0
0.0
0.508791346736
0.0
0.593924221597
0.408276833636
0.0
0.0351882373992
0.740231213569
0.163952983212
0.4941058522
0.629654795777
0.0
0.536002128639
0.0
0.676560148027
0.258949823476
0.207197513631
0.271127360416
0.0
0.0593280105186
0.552082855261
0.0
0.0
0.0625849853625
0.456243915338
0.0
0.536437435089
0.553772757164
0.119003722678
0.160018703173
0.0994399857679
0.124211838629
0.47654864075
0.919341827391
0.0316813537826
0.0
0.0237595993026
0.696664795673
0.0
0.283586693773
0.0
0.027931926615
0.0
0.569854756782
0.0
0.0
0.26492489257
0.29225298584
0.603497974945
0.574929202525
0.0
0.244711684763
0.280393401886
0.0
0.652853363302
0.467801010309
0.339715943298
0.304091830833
0.716119277862
0.0
0.287356822011
0.0358556959076
0.153448685517
0.037514873012
0.778737271261
0.154290098142
0.0687172340312
0.161012571959
0.339176259222
0.457181045334
0.46378563369
0.263937810675
0.785548074406
0.587708614948
0.143397987111
0.0
0.579253337164
0.547561123917
0.285783906606
0.0
0.606865934057
0.509500997773
0.0549044114389
0.499502874945
0.432725644859
0.301912666433
0.0
0.387301418235
0.293884489294
0.129513945309
0.0
0.531735388261
0.0
0.195824312908
0.0
0.0
0.486402784962
0.163883681508
0.505727658682
0.618193109656
0.292457234161
0.132785513298
0.368963673863
0.482759339353
0.187439271155
0.286352434642
0.0
0.0
0.420879668456
0.0
0.141201113139
0.247848932573
0.167706987994
0.017658070095
0.496345262666
0.194523594202
0.287813088825
0.344472599352
0.0
0.39794305127
0.973701287087
0.524180179652
0.494561894422
0.0
0.18310924101
0.659068018333
0.716884545206
0.0503053529734
0.0577242551495
0.0
0.655659307737
0.346916567621
0.529806507723
0.333424584276
0.0
0.0
0.0
0.341242078187
0.0
0.628095583425
0.0
0.172832175691
0.298952300782
0.433595551491
0.0
0.416021548264
0.590186587943
0.21562857905
0.267235741437
0.15489219403
0.160537956833
0.832117203041
0.136605217958
0.458118054027
0.267158694222
0.0131492199741
0.236285931918
0.243339809083
0.336148017281
0.281291564111
0.624257557845
0.420723024369
0.0
0.255052515842
0.042105383033
0.474550339321
0.0
0.66288087248
0.0
0.179260816817
0.323403719889
0.307140977592
0.298398986083
0.0537282018136
0.0
0.0427936626199
0.426492455119
0.014808175704
0.694115639903
0.899162729962
0.0
0.318771656957
0.0
0.0
0.703537028303
0.214089655823
0.0
0.609696552085
0.13639506883
0.436429596445
0.0
0.158679255171
0.423161519084
0.143177963451
0.435944808525
0.159502961584
0.155182560255
0.613299950173
0.444940280135
0.184315069024
0.0
0.523302007871
0.320284532474
0.736452437039
0.359212336295
0.0843041150214
0.0166374809103
0.591260170733
0.0116079220392
0.0
0.0
0.80160119802
0.0
0.157553055202
0.0
0.0
0.0254387708251
0.0
0.0932170804941
0.0
0.328839448956
0.0961259793709
0.0
0.467391829518
0.431393717822
0.687058731649
0.0
0.179553858015
0.0338609786552
0.235425312941
0.123313404317
0.211938555794
0.147805489446
0.0286715394218
0.0
0.254939909852
0.0
0.384566684924
0.411029552629
0.966979192449
0.213758172355
0.0306461088961
0.0
0.767335379695
0.128821737445
0.314191434058
0.0
0.124040873014
0.734024010526
0.0408607545397
0.544747131872
0.371961430126
0.575932983704
0.151610199094
0.233872805746
0.124936146683
0.0224544292483
0.0689535668041
0.0
0.0
0.608994458441
0.807976896498
0.380592357634
0.500526468195
0.518767841014
0.0438526197756
0.0350891094718
0.721441271921
0.731624115589
0.0
0.365006666694
0.0694239186515
0.0907493635319
0.0
0.04859498826
0.421228589193
0.0326448774435
0.481886739105
0.0
0.435788949236
0.141221310614
0.286933406315
0.287027936593
0.601145153145
0.63564059432
0.0
0.291700214104
0.0
0.0
0.0
0.364471553697
0.0
0.0
0.344650741214
0.11439684354
0.0359317978096
0.321407366631
0.144822314872
0.743272282571
0.14444237354
0.0
0.156283546064
0.0
0.777169601024
0.498216525347
0.557494547386
0.201447541862
0.0
0.91319693474
0.549752110211
0.0
0.0
0.382276326816
0.0
0.208043438316
0.0
0.639291533971
0.258179988464
0.0678606509028
0.485646841836
0.770125408918
0.0
0.0192532683809
0.699559031471
0.332518548911
0.561054676626
0.615827188746
0.0
0.152989122329
0.120909448528
0.534021448337
0.113676557585
0.256663057479
0.042242365363
0.0
0.0
0.0
0.246987598961
0.0
0.339510082421
0.123093452154
0.882564327979
0.121082761875
0.581419585838
0.313059131726
0.663334414818
0.230383738429
0.490106527755
0.561268159997
0.0460729901229
0.134175965341
0.107306748308
0.282495764083
0.0
0.224501879593
0.0
0.261163479801
0.0415832595272
0.312304763387
0.116294212847
0.027844497279
0.0760652870584
0.0347414226136
0.880388471883
0.255259985576
0.288158968948
0.11572026188
0.610442738624
0.120121207545
0.111496859193
0.372877931531
0.0
0.0226979334406
0.0467974989997
0.0317420375234
0.0322623677165
0.0
0.277330295827
0.433264666314
0.0
0.0156511221255
0.648034990738
0.0
0.0
0.425502578187
0.315629407971
0.32692844874
0.0
0.0
0.084565891781
0.0
0.0
0.31100783211
0.450222794153
0.408472506002
0.881651112669
0.137915116398
0.0
0.819737844953
0.0
0.0253130472194
0.317759693754
0.0166445410164
0.0
0.386056436313
0.190147987677
0.605643994242
0.258762559254
0.339122483439
0.60427827143
0.437485686947
0.241109975742
0.0
0.042658195818
0.317259871969
0.817379161822
0.415899083254
0.159611823737
0.120228773585
0.718035237864
0.0
0.563635068391
0.687094553643
0.502638718462
0.0
0.168692399177
0.334417880079
0.138538348188
0.131405787841
0.0282131565213
0.0
0.0
0.340722519924
0.31474850872
0.141305214107
0.437380165579
0.0555462935557
0.314873667628
0.17188753203
0.392785110659
0.143405979255
0.0
0.114430976612
0.177853043558
0.0442961988628
0.124307096275
0.617933879895
0.392181152977
0.227969610316
0.066494917183
0.223229430295
0.311170875676
0.151599582983
0.0
0.289670305467
0.0
0.240076798629
0.609530065835
0.660616284859
0.240213147603
0.711915808153
0.0
0.0351635863448
0.118174890043
0.0
0.513279995315
0.0136776994434
0.422326360186
0.273189058923
0.852445471734
0.151728804249
0.118068147997
0.667664541735
0.452139215473
0.0
0.0
0.435499951651
0.0
0.506573664914
0.684583232337
0.755000822735
0.463926540569
0.52161828191
0.389004305772
0.170020960048
0.497526803949
0.0935090993374
0.213027374152
0.508228457656
0.330140855229
0.207856905698
0.594524087238
0.0
0.248973091654
0.0404571817221
0.0
0.0665922764901
0.331662788896
0.0817427952207
0.108614099313
0.0
0.12368650859
0.191003050853
0.358386475508
0.0
0.589517526618
0.382205771082
0.0
0.180071355654
0.0
0.654292584518
0.24135816967
0.408090248032
0.0101806231865
0.044938939552
0.461358565609
0.148598330895
0.026369200475
0.0
0.15264971506
0.180094380839
0.031098960902
0.268931372495
0.700920314276
0.0
0.175770532077
0.268043284599
0.657903789477
0.00305151813378
0.371397911419
0.169181415102
0.468629794532
0.303010990776
0.384866181476
0.159870141477
0.0
0.539937952433
0.491622101975
0.0
0.168899668682
0.0
0.124256868278
0.596782512583
0.0
0.0
0.45113563867
0.403323291458
0.4968592435
0.549529542477
0.0
0.717042289375
0.200150198941
0.342821356559
0.111814606468
0.682042400748
0.0
0.13004705511
0.231839001138
0.0299023410468
0.356070331059
0.159838574824
0.325613373306
0.0
0.275501474578
0.0
0.116428707046
0.844290220465
0.16830155625
0.0548621741938
0.486539570727
0.23826982646
0.0314773966079
0.297028523313
0.128670400088
0.455037955996
0.0
0.32249457938
0.369493331811
0.61447672983
0.216421587903
0.0229883453628
0.0
0.771086924534
0.269427263161
0.247739363767
0.0
0.0
0.0
0.58361819994
0.497741256624
0.0
0.421948582403
0.123995712377
0.156256108295
0.292042399335
0.0
0.0783514735504
0.022407668752
0.375059427606
0.0
0.435235822727
0.0
0.0482191361616
0.475986770404
0.563911408966
0.0
0.1696569882
0.092393094768
0.0
0.316422087684
0.722336008124
0.0
0.0216943310713
0.66192034282
0.100255845927
0.0542627697814
0.145577835186
0.0871387949098
0.0291388902266
0.0267618025474
0.677117378719
0.452715002791
0.170032221326
0.293586066553
0.0340265042487
0.73383391679
0.513053704058
0.613013621552
0.714774311549
0.754858631921
0.018943852409
0.0
0.693417617409
0.578502374264
0.699182160099
0.0454039781715
0.329330921488
0.578848966299
0.673373502123
0.660474681123
0.330491015503
0.148291397883
0.0
0.862033162144
0.29156786432
0.0
0.148350749516
0.3130377698
0.152334551463
0.0
0.754302472417
0.755352423911
0.0
0.442924416499
0.0
0.306061970229
0.408904374181
0.121392409461
0.0476078392337
0.153810168657
0.0504778823693
0.00503140122357
0.12657220149
0.0245744744564
0.520487754043
0.0270621313579
0.0
0.0
1.0
0.350262817022
0.423939495007
0.460462532567
0.0
0.0
0.34906454707
0.127419082394
0.0
0.0713554628581
0.0
0.0
0.0
0.224040787671
0.184221544455
0.826528996026
0.0137822355306
0.409610769614
0.0
0.0
0.214432113334
0.0452198857737
0.763150819479
0.0
0.0
0.138197288976
0.938386329241
0.453624868623
0.0563115841607
0.679854124079
0.403481533383
0.0479590945055
0.0125240673347
0.484379080915
0.875621654205
0.311917900709
0.0
0.264097825777
0.563934974687
0.358836016315
0.634848125872
0.0
0.579799074266
0.133592591062
0.127670122752
0.344756199366
0.740142843079
0.0467306437524
0.522011798478
0.0560006475918
0.444958786838
0.90028795174
0.285645169512
0.0
0.0
0.112983474593
0.52235279564
0.0
0.350956431425
0.0320534606451
0.369647118587
0.351152063959
0.173673677946
0.0
0.111532363664
0.303053102547
0.614741876013
0.50388312882
0.012276565521
0.416214324092
0.164876467517
0.57199010832
0.0727905627739
0.185125680728
0.0988975895917
0.0
0.0
0.309478450619
0.522488659591
0.0
0.511705868457
0.652783095903
0.0
0.0280255769402
0.315098314026
0.155402974954
0.754828813772
0.205718188925
0.0
0.0
0.0293237183958
0.752076377835
0.0
0.333407143615
0.202020926473
0.556905056732
0.0
0.0
0.0
0.0
0.0745541043547
0.0457173353331
0.464153090253
0.827625520883
0.451581637433
0.0
0.613175524739
0.0
0.168245701951
0.801236398857
0.0
0.0
0.0457507799113
0.0
0.0386059448416
0.359582275091
0.654650439893
0.225926977922
0.0
0.64945822192
0.299834809412
0.520701544422
0.697772089484
0.0
0.18303757906
0.449867729997
0.643126360377
0.0
0.0
0.149201806421
0.0
0.0
0.483676400025
0.183994741345
0.175781604855
0.337957062561
0.0
0.0
0.352948023181
0.179777596814
0.558441931487
0.14682900244
0.144464886241
0.693778235107
0.131302948221
0.0
0.454275403716
0.547285497178
0.0
0.140969302296
0.49474368779
0.203512408625
0.0205162003321
0.0
0.439575126352
0.122789658815
0.273129559363
0.0
0.579838419645
0.0
0.35849788048
0.372071889952
0.704562639319
0.0
0.567550147415
0.327358600079
0.0
0.119486033977
0.036001924191
0.695307194194
0.25392743215
0.622303383636
0.775525521475
0.189234424685
0.0
0.262814911569
0.208585138705
0.939984837395
0.964797151449
0.364012880057
0.152198229397
0.131578040818
0.243034827202
0.687125618361
0.0344066949996
0.350415908675
0.155550677497
0.0
0.363299797451
0.0134890005748
0.512887512508
0.122626519256
0.0
0.437651388135
0.35409104761
0.0235189809552
0.488457296693
0.0677185714151
0.264042965976
0.32583558684
0.484941852474
0.577804303495
0.935823074753
0.174914540917
0.169644602039
0.290799582484
0.24155579983
0.366691104363
0.150955698665
0.0335328699652
0.404735385979
0.727719206106
0.0401294264174
0.207939254629
0.376963031058
0.468664983815
0.14847397212
0.0320197114366
0.630026872374
0.0
0.715986986889
0.0
0.0
0.145519627592
0.0
0.0
0.143002945703
0.653177310266
0.614323811827
0.110357122305
0.147992985425
0.0
0.949789068986
0.0
0.448758040513
0.243402066269
0.106035186063
0.0
0.0
0.30381085687
0.0
0.478431806262
0.0
0.221294661215
0.477579726497
0.0
0.586263182518
0.0
0.554495933491
0.0
0.272280312316
0.635719187322
0.24510713073
0.0
0.219025685896
0.0
0.131198460515
0.76516238247
0.618491744484
0.75620588376
0.446662892704
0.0
0.594381299368
0.252900425334
0.403320637888
0.575807973052
0.0
0.168143495861
0.14296066018
0.535651972189
0.443014346427
0.436240031508
0.0244103305602
0.353404567104
0.466138863294
0.0330406477245
0.00913730319737
0.0376040939006
0.0316542353831
0.0255561199439
0.0
0.22389081196
0.117222741382
0.950584914729
0.251407846297
0.318678543325
0.0
0.119268882731
0.0
0.77558735205
0.145662754792
0.526784325297
0.0803906714504
0.620271980669
0.305153897088
0.0252882850103
0.440577001517
0.0137127977337
0.0
0.0264761556848
0.117017567884
0.0
0.314192714184
0.355986441517
0.178734463428
0.0296730293771
0.123986421289
0.209670310125
0.587239265011
0.311516173127
0.136632296904
0.156571919037
0.512966622266
0.329750507475
0.138918528134
0.485017532584
0.0
0.364443908045
0.152180388071
0.437245957672
0.0
0.132154408261
0.654030799076
0.178049045502
0.633779274035
0.518669236098
0.915110853172
0.549745553827
0.100716009499
0.0
0.0
0.723115228717
0.19388542555
0.716587061155
0.181745599443
0.0162702529358
0.685347492111
0.319146222653
0.168236647661
0.0
0.227797086343
0.623377002498
0.33311367097
0.194172992455
0.0
0.763844297176
0.449895651071
0.0
0.0
0.457929192345
0.606525708069
0.0142318147657
0.604554447521
0.0
0.657587530242
0.0376010346994
0.0158109951158
0.0
0.283312206705
0.77831539757
0.0663913470966
0.573284657682
0.155300485271
0.0
0.0
0.514015873414
0.316926865517
0.199042810574
0.0
0.502068035316
0.366237551358
0.301727929933
0.53457839813
0.0617852863605
0.0359533567615
0.402478621797
0.248954873759
0.780981036344
0.465971315746
0.610067043773
0.0766648907782
0.331968888818
0.0
0.41276515741
0.258957188969
0.220998019356
0.482224432676
0.0
0.00815623541602
0.422813962756
0.0
0.0
0.531261659799
0.0
0.0
0.254053539193
0.0
0.895539241998
0.55852298881
0.150648798286
0.578068936162
0.0
0.158041853047
0.299657537867
0.162741498676
0.563684834822
0.500662210875
0.0
0.0193166647748
0.789743043962
0.0
0.0
0.0
0.411899359644
0.471330652679
0.184998955261
0.0
0.46450700229
0.380502594387
0.237966289542
0.0328178795637
0.0
0.262923837999
0.0
0.291890113463
0.459739996177
0.616139748491
0.0343664719418
0.434137093157
0.0
0.0
0.416330124378
0.00742766694
0.0
0.236120347824
0.0
0.342454152859
0.635343899545
0.472147170128
0.0
0.0
0.379881570351
0.40003184487
0.0862941984122
0.0
0.115012873487
0.0308418356151
0.267188531788
0.0
0.158824562814
0.520058581016
0.0342479203385
0.153759102036
0.330851217361
0.269502029121
0.0772844646132
0.113886460783
0.0373256040341
0.0
0.140859919296
0.0
0.0
0.426681518251
0.487446396057
0.541850381051
0.0
0.227631861895
0.211290816262
0.493357638283
0.0
0.103995778342
0.381336408603
0.011537163979
0.346055738878
0.0
0.59620450091
0.0
0.582952763637
0.318231096099
0.0217817398754
0.0113292561631
0.61312727677
0.160038917217
0.886138670859
0.0
0.467583241161
0.49392667946
0.127338818725
0.686495389336
0.0197720725566
0.0644297661258
0.649119969746
0.0
0.0182186253705
0.0
0.299165489546
0.0
0.70450160515
0.249941188902
0.0943897301689
0.0590667477664
0.13014192896
0.0
0.0080815249596
0.49977626489
0.358587745833
0.576298313953
0.378891441733
0.478264121133
0.646638961855
0.0163485168314
0.0412695255288
0.00460590903436
0.133795792666
0.352763380551
1.0
0.0
0.598433474557
0.193014213063
0.460388203215
0.0
0.331061429427
0.133743149221
0.0
0.042382970878
0.658301561724
0.135217792099
0.65055389011
0.122129649266
0.0388042350121
0.507850297569
0.447644023179
0.0
0.347545390291
0.0711537066485
0.0577007403564
0.0068494632564
0.600018605675
0.200431867256
0.0918116739095
0.284065417985
0.0
1.0
0.116569373761
0.323891290483
0.619442052207
0.0
0.03684000408
0.0
1.0
0.668316874359
0.55760635635
0.0
0.0
0.78010934319
0.328881144531
0.0
0.326873532803
0.258439625804
0.0
0.445962684801
0.442100309624
0.534695375625
0.112586146869
0.222552277229
0.120458156069
0.296164972595
0.358440289889
0.0
1.0
0.519770680671
0.0514326151158
0.310607307543
0.0
0.0256334127611
0.054813091682
0.144547230501
0.185059878939
0.234796872725
0.0153098112097
0.46468832781
0.380007670458
0.381112882376
0.119544806491
0.292750121331
0.310861333939
0.651568418514
0.584884427411
0.0347858787632
0.0
0.0
0.0
0.360287293819
0.266737954623
0.278820662037
0.158696052216
0.0
0.0
0.610174556661
0.297809035336
0.662544006597
0.358304102877
0.436030020233
0.298363633003
0.0659213712348
0.0
0.567939628177
1.0
0.151971208716
0.643230428863
0.0
0.053836058157
0.137992120677
0.0
0.525588814359
0.381348184335
0.317577631365
0.0
0.522189192591
0.37988308202
0.346706245574
0.541138909878
0.0193620386702
0.294009299734
0.0
0.450311743339
0.175078041682
0.370777760299
0.0397756444799
0.378467861117
0.355398138656
0.279501771428
0.188640046508
0.0
0.0
0.133249189374
0.173870138368
0.0140994109866
0.611395915543
0.0
0.0205905732915
0.58467289494
0.532699372661
0.683576560075
0.367794285232
0.658334178126
0.0
0.612084964621
0.444109690439
0.158958933615
0.9571514066
0.379926533396
0.491064802256
0.26937514556
0.496058638654
0.364998181053
0.569796216045
0.0330580731095
0.0
0.0844033126263
0.0
0.0
0.703620103503
0.140054732701
0.656282977875
0.0189223512722
0.186960779951
0.280838131233
0.389179608507
0.220399485678
0.437844739226
0.193867969561
0.0
0.0
0.109495779182
0.32568726363
0.0145502991581
0.0
0.670900272794
0.159114736893
0.135688565383
0.338245037585
0.0
0.511857977133
0.0627982001584
0.520844732085
0.935767760192
0.0
0.0493802048888
0.116303333301
0.420204012393
0.183417780935
0.557227412535
0.409953770019
0.00788867264723
0.0328935743025
0.23445155698
0.0
0.356916085791
0.170306473276
0.0665972483095
0.0280729508603
0.530660689543
0.0
0.0554334839563
0.430841250223
0.612638764164
0.0425660197606
0.203047421189
0.932753053258
0.0365808366134
0.0
0.0
0.0126686511038
0.0413670323699
0.0245957574183
0.0
0.418681569034
0.0
0.280351788595
0.943099474968
0.871455612498
0.443042945212
0.0
0.128565350303
0.17158880294
0.301040151621
0.160684603727
0.0245034000139
0.0
0.0
0.0
0.0
0.0
0.259967183554
0.156770015366
0.135329597626
0.151083831531
0.0335787193753
0.0331676552868
0.264587461041
0.966632048598
0.414224736762
0.51369540124
0.267542401231
0.0534411778724
0.479332139269
0.110182180185
0.0
0.0
0.348583175611
0.836954591426
0.263092698036
0.474475900411
0.0
0.194048607559
0.59434635851
0.0
0.915667358253
0.214792709603
0.510899289525
0.0
0.435879895069
0.116354127568
0.123459262418
0.314522323634
0.43554086633
0.0
0.409386304591
0.600617946474
0.268274453753
0.0152891557416
0.868850266144
0.119079657809
0.753193058384
0.653541176112
0.307018621932
0.22290338308
0.539581394837
0.579711453678
0.248454065944
0.136671005265
0.458716762619
0.143199608663
0.584816730203
0.297773414289
0.146251748008
0.196320244492
0.200464368944
0.360114703229
0.125534504507
0.0
0.0367853104158
0.0357075894842
0.0245588910896
0.127392651672
0.0520234761307
0.0
0.0
0.378043337438
0.685437755526
0.625910690586
0.0289204540814
0.495814978246
0.155790678247
0.747324294463
0.378689522047
0.108690468762
0.0
0.0437484402229
0.0274989896238
0.597033805172
0.208127636956
0.193424518259
0.235609886996
0.0
0.0
0.457945607139
0.0080605915353
0.42438527382
0.600117809681
0.724500266336
0.518724537534
0.513905966425
0.247902385566
0.0
0.512889481427
0.511782091735
0.0
0.0
0.0
0.0424608618561
0.0
0.802617619871
0.522910839497
0.0
0.146648904554
0.33009886978
0.0
0.156770547636
0.445961035337
0.0341296386654
0.0
0.246690546821
0.0
0.0
0.251793892317
0.0
0.329888413344
0.71018826213
0.617860707844
0.226162937084
0.479318499367
0.0377097110324
0.144167322251
0.606822899017
0.018824933699
0.0
0.647045958378
0.0
0.0
0.0329416322266
0.146250626466
0.0207504948616
0.021958339378
0.461292442316
0.0
0.607456668524
0.0
0.180823721186
0.372566454434
0.0
0.095620573433
0.42114380132
0.137520135437
0.00310262984698
0.822864357998
0.0
0.211417511675
0.108027172601
0.660462113674
0.734392476074
0.0
0.660812888092
0.12527433905
0.697855334156
0.0
0.245821635463
0.0
0.357859576005
0.582580615394
0.660006448435
0.0
0.530575641535
0.0430533627256
0.163834875525
0.0878580363504
0.276729449925
0.161846885101
0.274389278358
0.0886496667261
0.425596930416
0.063056196967
0.0
0.591624984944
0.434776026456
0.663095254043
0.544626923314
0.0
0.374711798576
0.708504963469
0.675494049316
0.480408061892
0.0562228780428
0.449212178028
0.135152146679
0.218434291912
0.310479296313
0.413337879863
0.340425670034
0.67420525996
0.182928546522
0.0
0.740503732243
0.52163318045
0.0
0.0
0.0891888030859
0.0
0.296585615458
0.121126777698
0.0178901456475
0.644506179913
0.317124565925
0.0
