0.163447456799
0.12118280348
0.0
0.0
0.0
0.738040507381
0.612071610183
0.0
0.316962426781
0.690117344909
0.325568495908
0.153649607258
0.145107421977
0.0102572663096
0.286233862062
0.112156120371
0.0
0.0
0.0439394053192
0.554455843965
0.696995018786
0.0
0.601491894437
0.723797574586
0.147334780417
0.704019547151
0.0334319284521
0.376545616187
0.25479410866
0.0
0.115059451443
0.0314080123738
0.0
0.402663641082
0.165257073353
0.0
0.452828430039
0.470178951961
0.178796885839
0.34918601929
0.0507760121426
0.872909815725
0.380436764262
0.576195952857
0.75115817006
0.373523514503
0.334733930197
0.0
0.841206561714
0.0342520282433
0.0375516409771
0.758611443648
0.177056451305
0.0
0.0
0.0558687009094
0.246207745331
0.761948156421
0.708492820438
0.0
0.202152838746
0.70743052947
0.750599623401
0.0368214677338
0.606339513313
0.169902874609
0.532304731074
0.0547908482104
0.0
0.0127492735667
0.220948744508
0.175944641522
0.831084342932
0.0462565560538
0.0504603263808
0.0
0.497906994999
0.577457465491
0.0
0.564262075402
0.364400593653
0.708827342716
0.463885975703
0.0
0.1549559074
0.0
0.706226396999
0.668490371485
0.561153449045
0.0
0.587499622137
0.100672208956
0.207360048479
0.266946530709
0.116754552548
0.328335066528
0.0284490687837
0.0347549070727
0.0
0.59053807999
0.219131923984
0.490022566759
0.437578412502
0.152330492506
0.331903847546
0.710732839701
0.341202828311
0.450697363572
0.0546496494288
0.839700892411
0.642779367748
0.125177923883
0.0
0.0
0.157829345971
0.0
0.148567294602
0.036666270705
0.0891847909676
0.462782108462
0.133795608756
0.159543858186
0.773432414054
0.0316942647972
0.126440559537
0.599974406273
0.506448559349
0.642036555086
0.0
0.0
0.0834427948458
0.0774812104894
0.0
0.0
0.170329929856
0.298874792496
0.279949176054
0.255072472104
0.0
0.800311314099
0.181602443482
0.0133227296097
0.0
0.0
0.0
0.0
0.202711110569
0.412052665219
0.722192051352
0.11507537204
0.48493152756
0.0
0.211915992582
0.203061069516
0.0
0.120228773585
0.341048212033
0.0
0.0
0.0425382798391
0.685318092346
0.0837879973446
0.174045959704
0.386358247417
0.526796885501
0.626205799615
0.0979163958324
0.411073497333
0.0
0.538814192873
0.0256020811081
0.161438027596
0.411105415029
0.0497498922211
0.0
0.0566562482086
0.0336372202285
0.0392465492506
0.34811065893
0.683725559849
0.694817146123
0.0
0.427027946736
0.723074780474
0.354734711422
0.0
0.149796894583
0.0
0.0
0.367396803793
0.429449614286
0.174289833685
0.15058307968
0.106900269666
0.281434276739
0.0782921284991
0.763534084761
0.29581271401
0.812324750721
0.190328814089
0.0
0.474687144154
0.0302903921702
0.0
0.614967784588
0.0360658462008
0.0401373984783
0.0264074354453
0.610225293182
0.846448170176
0.0946709054617
0.0
0.0126018510127
0.505841035536
0.0882267533636
0.0581916449984
0.0
0.0277931396195
0.0
0.378670104636
0.394062307335
0.0
0.0
0.0
0.135787471854
0.150043733206
0.227477818831
0.096844620485
0.660346263038
0.85506957355
0.396550389336
0.0205058274513
0.465072115681
0.339188266571
0.411195608443
0.233736088142
0.0
0.660447343641
0.0394297471624
0.0
0.0306085891233
0.523473294927
0.32112180061
0.308508562772
0.539960156574
0.0876983374572
0.0901364236567
0.47786553017
0.376641240634
0.0
0.234450841368
0.135506372375
0.307036220685
0.47615528054
0.239597146571
0.495373434796
0.129016072905
0.649396774791
0.514735380949
0.0
0.13472586229
0.363408276028
0.0
0.288350749678
0.678241887919
0.615567671599
0.0323083138536
0.0
0.396435498423
0.0
0.0372637659054
0.0313326650489
0.793669006887
0.0136000131836
0.0
0.0605990884876
0.330512260543
0.148809415311
0.469305459122
0.438354091549
0.0
0.168565621893
0.174880612757
0.376891401937
0.584101495352
0.0185415459444
0.0
0.398582057376
0.31371360884
0.309295213542
0.0
0.636190196156
0.0
0.270260307497
0.0449436430906
0.0
0.0
0.0
0.472528131938
0.402006754065
0.179455889293
0.232041786125
0.0
0.163399786249
0.11981396941
0.0613404007655
0.0
0.0
0.0173689735144
0.786458690127
0.0971895090744
0.173106682381
0.148964382257
0.530921850597
0.550865011904
0.125347677189
0.0298097199094
0.00519301058751
0.0
0.456326749554
0.549028244716
0.211070665729
0.012673775733
0.69015486614
0.447701419503
0.013275863639
0.294894943818
0.164792727327
0.203106929819
0.0554697216034
0.586506040379
0.342480688699
0.251937603723
0.0
0.782500591934
0.193304629887
0.117614151122
0.265639999692
0.168657773577
0.121821814031
0.327992534661
0.0317848158021
0.235055383433
0.177592611829
0.272869822722
0.223301493393
0.693413138744
0.0234274767719
0.626107368401
0.264784344867
0.162049153717
0.0
0.657351909994
0.0
0.026560757401
0.0282923824105
0.574354038925
0.473095959265
0.0885515546582
0.0
0.0
0.257592699488
0.466398820947
0.349139443276
0.28268478029
0.29175111533
0.567239419232
0.0
0.588494067642
0.487088286889
0.154776325811
0.0699668985943
0.521494576674
0.41327901236
0.398068214023
0.144592814425
0.484618393582
0.365776199809
0.323312420392
0.0833030414524
0.0361018593647
0.0
0.143084504614
0.289119225719
0.492192369279
0.456816878298
0.143408969738
0.413976028395
0.999195824242
0.461302075354
0.503388028031
0.634278517028
0.112636918893
0.23197528285
0.033978641435
0.62998860255
0.046971187439
0.0
0.0305880651134
0.0
0.47514451363
0.0605408570684
0.130092263432
0.0
0.172929656611
0.498613050684
0.138358071366
0.0
0.726354174653
0.146912296039
0.0
1.0
0.026967970038
0.117904781731
0.335791190457
0.132848480598
1.0
0.16164536311
0.100799706712
0.629268763
0.308062168909
0.451089883599
0.147321126364
0.023409783963
0.166363965041
0.213362007065
0.172937867301
0.0
0.64501380976
0.0
0.0439677436188
0.0
0.291909588365
0.315304665105
0.0
0.0324451358158
0.144178971432
0.217379460301
0.172828074183
0.0
0.531387622087
0.0953895643032
0.36908511042
0.496863846395
0.36125232337
0.0
0.43818873093
0.0451028686019
0.214824320671
0.029496629411
0.0
0.276611364372
0.585529209741
0.209852828276
0.633040780352
0.105146291186
0.422641180913
0.682418998975
0.021081786867
0.479649142453
0.554047991381
0.754556974185
0.528941060444
0.328567777507
0.389821551744
0.226083708917
0.684893494053
0.179349527136
0.168644144696
0.0
0.455747464157
0.0282793770729
0.0926559277609
0.666293174007
0.361943531489
0.0
0.506304113288
0.591816052492
0.0373821362193
0.46473470844
0.0
0.0
0.228556456897
0.376677267425
0.440366134775
0.0621506028363
0.619388602377
0.295798249909
0.034038955413
0.0279191382667
0.32111170286
0.0
0.0390215635338
0.0
0.0619125966091
0.403137470002
0.0514389315407
0.124012695653
0.452411305369
0.458615661034
0.426136114877
0.0
0.109483355378
0.27616059923
0.0687272044183
0.0
0.0
0.0591626472834
0.0382195407483
0.464274048382
0.45173602898
0.0468127486499
0.0128507375254
0.0
0.512501468023
0.201417551455
0.0
0.0
0.0
0.0
0.0
0.476497619087
0.0198353806084
0.0
0.21106778437
0.294153726747
0.628890217912
0.0
0.837456407132
0.0
0.146787368284
0.108839773637
0.521390805243
0.25167632763
0.295643605591
0.0298855344233
0.0
0.38052675377
0.0
0.589770283342
0.0
0.0
0.259689527148
0.589086450634
0.0
0.262225281956
0.533167486572
0.752781706059
0.277901366433
0.0
0.0
0.0303868127989
0.188313322787
0.373946406265
0.231159644575
0.0337156190593
0.0196082975547
0.476627609404
0.115445258838
0.44434816664
0.0886043440968
0.0
0.0
0.432582735553
0.734706320834
0.519483433048
0.730919461112
0.654884522871
0.580777959179
0.0
0.0
0.178760585492
0.0
0.542907252507
0.181943042118
0.0
0.0919130927715
0.095733208761
0.0
0.141201529807
0.304943873435
0.320428747734
0.432529903612
0.477465401587
0.0847164542981
0.286878932104
0.267625615706
0.629380973735
0.0
0.0284405731487
0.324682293931
0.288618760388
0.328136729706
0.0
0.292763112904
0.61421120469
0.502683865704
0.0
0.0
0.0
0.26254274881
0.475919914208
0.168952633056
0.0
0.0
0.291502937047
0.435331495923
0.334061101426
0.647531797845
0.695981401431
0.0
0.29679131992
0.0
0.474207108446
0.750884773614
0.281823359209
0.480125965152
0.0
0.134678421605
0.944568473135
0.0578711075764
0.0
0.391393255263
0.0
0.774086136753
0.0
0.411506679074
0.752434024587
0.543174124369
0.370037805084
0.0
0.269356923169
0.37655422949
0.355847197286
0.33240673152
0.0238671366857
0.0
0.622895160811
0.135077464058
0.159703541348
0.740937186163
0.0
0.498804446762
0.300396004149
0.117217570807
0.0837427737838
0.00265712910866
0.0
0.183332678752
0.0209178605038
0.621905833375
0.276084471613
0.328618866351
0.253636891818
0.359594706338
0.662399798353
0.26830179453
0.749844037872
0.431571245217
0.906247604366
0.431589091344
0.105294167401
0.110702959713
0.0
0.0
0.041260764432
0.290166437782
0.181534626467
0.0
0.967726964866
0.127419082394
0.152028458602
0.488359223112
0.448516671125
0.0
0.284971530805
0.40457738203
0.0278118959045
0.0
0.0177608321836
0.0
0.352779314768
0.372676617296
0.479677126183
0.74592662068
0.0234210775557
0.174641663601
0.169877532608
0.0
0.277377728744
0.120082485874
0.162936578623
0.500352540201
0.0
0.276420903192
0.295111609574
0.190596481954
0.35460446168
0.544641022526
0.752555193262
0.131632751451
0.716749704792
0.0
0.404706506795
0.505685840062
0.0
0.0
0.0
0.329118192587
0.543791374206
0.144724128792
0.693360084482
0.0354915995421
0.330429693944
0.283036355321
0.463347098883
0.350203344586
0.545442243867
0.406054742471
0.0
0.647768492973
0.272132875048
0.297707146562
0.512957383835
0.433949782032
0.617009929628
0.309437036903
0.748896292994
0.0
0.106231808714
0.0
0.0
0.533232683194
0.0233990201914
0.0174116948264
0.0
0.0
0.0984760307384
0.0
0.623223101914
0.188095122773
0.158847366434
0.474322585276
0.0296318577054
0.246414284964
0.0390818981712
0.862416982867
0.266007649092
0.424974696378
0.148378181191
0.0
0.401271624427
0.108646455463
0.0574877962024
0.0166176530889
0.305436873536
0.0
0.146522711235
0.31341745444
0.574274064824
0.716242226221
0.140338839512
0.277093942847
0.454558680069
0.344578105483
0.0
0.370580072556
0.332374416413
0.950534825351
0.111356098025
0.91438556479
0.476167454084
0.699953524336
0.10517679483
0.522548324028
0.632043009649
0.569849863335
0.284990168382
0.0
0.270936753424
0.0
0.101202204932
0.165653680159
0.0
0.119268882731
0.421615814147
0.22928759051
0.417026924057
0.740392796409
0.0
0.627047354552
0.0210274042701
0.297228566699
0.492920193944
0.38662165441
0.185471439263
0.0
0.0
0.0
1.0
0.670652553369
0.0
0.0893842505107
0.457643607413
0.649128047768
0.137129993048
0.234057551234
0.297003419593
0.0
0.360614826013
0.169861011681
0.0
0.227959471122
0.493735113444
0.0
0.302073971956
0.214535247543
0.159095188377
0.692629225699
0.0
0.00234427941667
0.0
0.655284409429
0.647856317735
0.0920306650147
0.133443709508
0.267837348519
0.541116245674
0.689795595087
0.0
0.206195573534
0.314394684554
0.498725997983
0.106436172112
0.157369550101
0.148189735353
0.290506157849
0.190778256238
0.0868770291403
0.144070833783
0.112973542179
0.745554242312
0.0
0.210123392135
0.769617469758
0.0
0.441967510928
0.168253588855
0.402917120437
0.0
0.0
0.0
0.116401811088
0.13404601589
0.253365150448
0.0
0.117451018038
0.221058363764
0.278458805135
0.421347668243
0.590335996277
0.323044162149
0.0
0.0108892939124
0.026284301126
0.455943114549
0.0
0.0
0.0411182598032
0.040879390128
0.0467117374507
0.0465027076405
0.0
0.346301372779
0.150218854656
0.55227230946
0.801790573592
0.113651878395
0.0451666482729
0.0700886448414
0.0999463162108
0.201826582987
0.714162861684
0.128364553105
0.270170630582
0.0480117426699
0.0387661332741
0.128961658636
0.277168427503
0.128543955682
0.531978045506
0.699244553134
0.328324976083
0.0954348022166
0.0
0.149291012298
0.0
0.0
0.0828911353013
0.105267368144
0.574948410263
0.556092197332
0.701118729053
0.284582652847
0.0
0.555326389365
0.20467743623
0.212256161879
0.0150703934797
0.0
0.152364531276
0.688034287228
0.688904790939
0.293315355264
0.527107214567
0.35694101622
0.305378055743
0.107797560798
0.426865870279
0.447328263971
0.625204818491
0.164487438105
0.0
0.141684928911
0.0
0.107820381764
0.190646799418
0.281720724296
0.0
