0.100688593961
0.119876297739
0.414536163394
0.0
0.419318720866
0.0
0.0147147255591
0.347482229379
0.102615161554
0.0
0.886711946147
0.18726194315
0.498333805855
0.514631866265
0.324405152479
0.0
0.127347798852
0.335646914206
0.0396926087654
0.0
0.503489093043
0.647902085363
0.0
0.340088172699
0.12990527381
0.0
0.0
0.161885801213
0.747036454873
0.356193723905
0.0
0.136813388317
0.0
1.0
0.205609342681
0.0318645219191
0.663513017959
0.147017155335
0.0
0.159888275613
0.605139835103
0.151064174218
0.0
0.442200592294
0.522598281837
0.0356440776896
0.019249303239
0.461263063928
0.0142316979166
0.249514934692
0.460219788432
0.358091708784
0.18415092922
0.183916489727
0.204811613987
0.0755276234325
0.0284513504849
0.407978809845
0.324319287723
0.214079415225
0.990301367375
0.0
0.628133770822
0.921675519056
0.0274517250212
0.0
0.319339028692
0.0
0.103705410945
0.0
0.403997681018
0.599298845143
0.325168867727
0.0
0.330499707196
0.194230845918
0.0575862713599
0.16457666943
0.333009890638
0.352135300927
0.558075840785
0.0434551191256
