0.243344516758
0.711263180564
0.0
1.0
0.0475097138946
0.51944700797
0.414164221675
0.403863016251
0.0921401767975
0.147920807803
0.337841030738
0.0
0.0
0.410854171802
0.440010278107
0.204171240514
0.687525109181
0.0491835151357
0.384587541328
0.250562914823
0.803701371979
0.708028567267
0.351711824902
0.0325085248771
0.506175540862
0.423119967753
0.377595284519
0.96907115652
0.0
0.954878352979
0.0
0.556567952498
0.43849651518
0.0455281758685
0.375678977151
0.303635455039
0.377257978281
0.0
0.20421806477
0.210810004858
0.107189916467
0.64443777884
0.0273671210328
0.726199634685
0.0426268787528
0.398878238085
0.174764536019
0.746596532717
0.902643848461
0.930581373175
0.150140528451
1.0
1.0
0.127958551005
0.844465590695
0.0815697480585
0.391023309138
0.0
1.0
0.0
0.774659045933
0.150468687137
0.684661036418
0.0
0.0
0.61186927976
0.131418604827
1.0
0.822056945589
0.434198833163
0.828539234068
0.0
0.505825663983
0.777283107749
0.0343514088181
1.0
0.0125159607298
0.0314576406849
0.0
0.631204995401
0.119594134785
0.0
0.359554453385
0.399061221072
0.592280833247
0.0
0.0360499999117
0.185597892094
0.307164058293
0.208832570684
0.703281169266
0.0
0.0354200941034
0.67117369472
0.41100167144
0.20267431781
0.28335944924
0.351806216242
0.338048798217
0.187485541273
0.56723263881
0.135671078477
0.299076468251
0.138570676485
0.119576880247
0.449191126041
0.504055911252
0.0444989412028
0.140984016998
0.0543360090617
0.496185912776
0.0
0.14433268304
0.0367710066379
0.496609468673
0.50261338997
0.793232778829
0.438653062331
0.250527630623
0.766715498592
0.183011900421
0.0285702375108
0.0200803830086
0.633535325004
0.741289931425
0.0
0.270186523617
0.210864524441
0.547472370012
0.0
0.0
0.57151453807
0.112870428496
0.216259929417
0.492451745133
1.0
0.496736837102
0.735592531971
0.709436897712
0.230776205606
0.0466561681059
0.473625145123
0.719359738683
0.431337972252
0.351922571284
0.0266724043906
0.690269848724
0.128035265934
0.599105496768
0.381224076565
0.087002394821
0.61474471538
0.149477534511
0.855000134052
0.492398473943
0.849106118515
0.819768762589
0.134309773655
0.202259813302
0.440635656501
0.0326070519828
0.00273093373817
0.661714500428
0.682585136136
0.446763957473
0.264165990761
0.214254582387
0.222799448426
0.058942451766
0.545713342378
1.0
0.0526935011686
0.414672103614
0.0
0.0
0.956660804195
0.39918602157
0.441003339554
0.046482381479
0.312606401349
1.0
0.871338169051
0.0
0.0
0.658645495546
0.564361592641
0.336965856823
0.475147985427
0.238343829475
0.213206239396
0.299336179996
0.429362328127
0.0
0.0389368372293
0.555185581544
0.0
0.690616142734
0.0
0.132817194856
0.899881560661
0.368253955636
0.140096686082
0.0715955633384
0.0280852623805
0.732450409421
0.708190761965
0.0568343836443
0.0
0.189297075622
0.786610730201
0.0593250840859
0.0
0.330062138291
0.0
0.562805229345
0.338211354181
0.401951625215
0.119268882731
0.247587022026
0.353324762041
0.452691703894
0.0390773466743
0.199975453441
0.498191625327
0.132348807825
0.360143863943
0.706166572493
0.0112885887909
0.643772113024
0.0
0.0413670613948
0.666615297834
0.0513821933509
0.0262333664662
0.109471507409
0.577078729608
0.0907940426279
0.155588039261
0.0631822233413
0.954269682218
0.0882989226507
0.277623298865
0.24002167482
0.355086070319
0.0457242324502
0.118134368983
0.602663786591
0.0231770851497
0.912009022143
0.120228773585
0.0405915562937
0.125561737954
0.442014947543
0.0
0.0
0.444356293109
0.392748979561
0.93117739656
0.325438190426
0.812106151721
0.35053278657
0.621464535685
0.762430872154
0.374441257926
0.0
0.500240929854
0.12305808886
0.0247015590307
0.129262288137
0.668234506993
0.0
0.153379833125
0.626589915766
0.254657410074
0.464361871296
0.185009617259
0.688540067076
0.86123236115
0.0544277929613
0.136663332984
0.0
0.403632323278
0.0957498250583
0.112586146869
0.428129746346
0.417677195813
0.370641287818
0.0309784963867
0.714972039327
0.502648534946
0.880463704223
0.707494694179
0.343465087613
0.163831585723
0.720734577566
0.804774547556
0.597193182463
0.443699597713
0.134114542384
0.309419242227
0.085733714555
0.028990451426
0.110629214423
0.0
0.142838101846
0.0
0.0
0.586319709485
0.715283013692
0.0
0.588357386634
0.735050865275
0.737647401431
0.0
0.648831047436
0.897107037428
0.755341442817
0.187655129913
0.125908973084
0.570683103235
0.611855308583
0.0257356709879
0.419585938436
0.0
0.0
0.890598562745
0.0
0.290903144189
0.717930349708
0.408522278863
0.514372722271
0.63204781581
0.835421358172
0.165335120492
0.550432518885
0.319552525755
0.965594299169
0.466210547901
0.371773479281
0.578659723272
0.0362336898347
0.0
0.464664128375
0.766815035334
0.0
0.317234908311
0.0788841637988
0.468584359128
0.0
0.859554830534
0.304783923389
0.283038521797
0.188823782694
0.132910183135
0.0
0.367405468027
0.599538997291
0.471740513773
0.703689031033
0.0272092167825
0.0541288927323
0.0974812080387
0.272367369741
0.235827292544
0.0
0.311743447071
0.0578112084639
0.185930483872
0.146150980322
0.0
0.219957419582
0.182922235725
0.312743558683
0.51626861262
0.347003644156
0.209531538972
0.761149625413
0.748615837611
0.331748029483
0.0650470608055
0.0203169603554
0.439191838319
0.4123070491
0.344682261535
0.0191043754299
0.216235518216
0.436408424799
0.0
0.197826220133
0.288913637049
0.479308238159
0.0
0.479424581374
0.459374262335
0.0421408728337
0.732496010149
0.486449616372
0.472245909935
0.952319833502
0.462134864719
0.0236769962414
0.179518145539
0.0237306760372
0.0465727775197
0.0
0.0221743388431
0.517380015595
0.441592880217
0.506231823234
0.0
0.10718099926
0.492692519967
0.671733234029
0.0
0.588668196989
0.233726379117
0.587228457915
0.0
0.341378340082
0.217333061139
0.690917654194
0.556069709235
0.103257721581
0.0670025947666
0.416842686318
0.0
0.10918688309
0.0
0.485419858017
0.216891113585
0.0
0.10067548627
0.22185699349
0.252965586393
0.797090410067
0.4488353086
0.163728062594
0.471566479906
0.581118653991
0.0330076207505
0.242498895211
0.885908320164
0.0281690806032
0.0
0.327966281698
0.188869392098
0.0
0.296317824211
0.0763586176495
0.0566044586034
0.940157628852
0.0
0.25564034449
0.0592196805906
0.225370305117
0.111067484301
0.409702972669
0.265689312487
0.264814836632
0.541999464295
0.148018253232
0.315911762393
0.826647549168
0.145491554125
0.0717871052845
0.0
0.533651492845
0.494140908967
0.495559385072
0.430272538401
0.648595319833
0.598994689064
0.247206706893
0.782588399285
0.172700506038
0.132169327279
0.0
0.263791620768
0.186715159725
0.384212185511
0.43321063335
0.00722022651217
0.188373119095
1.0
0.0
0.0303049758227
0.519529316939
0.10862064832
0.00952094293978
0.658396655486
0.0368697956903
0.289193884555
0.662498749374
0.0517304296674
0.282948449006
0.0
0.47954409311
0.410871215145
0.617057950295
0.259317129913
0.638798086353
0.0347384819842
0.563294618153
0.0328547701527
0.0298945800569
0.0
0.306190559824
0.58241544945
0.667283197376
0.867688811327
0.0422874961542
0.38370791812
1.0
0.688600574365
0.319090434393
0.270619984126
0.00522015913669
0.152784206069
0.0
0.596063899843
0.64369346095
0.485032395771
0.351309743535
0.0
0.154972983972
0.478218763664
0.478973033968
0.417391788405
0.282351313607
0.392754688981
0.192787905716
0.598738974545
0.237057786498
0.137507850844
0.296004243688
0.312872713338
0.524638944044
0.0
0.416225418754
0.554237552925
0.759651755806
0.374714656068
0.109859753121
0.585046886445
0.158133256993
0.60783348783
0.765627077098
0.700741586676
0.0330310402924
0.903668321431
0.179765289179
0.700441053664
0.442234014012
0.120064297578
0.237923777088
0.360079616939
0.0836766358207
0.65084012091
0.0
0.143100551347
0.595828798009
0.0971075019036
0.368250279928
0.0
0.0556849985814
0.601364453273
0.182999072086
0.553312543378
0.513723102223
0.378983150052
0.726355921595
0.440407793788
0.0
0.0
0.513325601947
0.0171220418292
0.0
0.40287062377
0.0496637197337
0.0354008182626
0.578639577453
0.865771560639
0.179292635387
0.385018417677
0.332841665011
0.340945308195
0.0
0.601965357577
0.305243114962
0.568061932925
0.511482663956
0.928119898617
0.118739207104
0.208560878755
0.256112046868
0.408989815476
0.113346297657
0.0
0.381258737358
0.0350061884548
0.516049047383
0.0405874183285
0.8842826696
0.0
0.377609085137
0.376099793467
0.020044414537
0.481312515734
0.177613253101
0.446524902104
0.384742674703
0.114901272651
0.0
0.488313064263
0.0
0.43263487844
0.0
0.868949447267
0.233973897921
0.049937149094
0.554157120148
0.0824404389024
0.156677736358
0.0265772341543
0.86342720281
0.0386160294616
0.897201192472
0.385003372221
0.133967768012
0.0
0.394728821683
0.384292040875
0.0714552017207
0.187590519856
0.0374596352832
0.201770593041
0.161154615658
0.411123824491
0.0
0.0
0.761865826561
0.63678061484
0.0601626163416
0.135001951327
0.197495414249
1.0
0.709318772593
0.137594397477
0.339170883754
0.0660257127728
0.0899257454669
0.753674607589
0.0
0.307286990321
0.0
0.20754182218
0.951748285269
0.651288090854
0.299985813589
0.316313637259
0.263645851156
0.0
0.119566771533
0.157422400353
0.419227888194
0.0546421075853
0.301675639585
0.0
0.0
0.417549320978
0.295168017357
0.592088990214
0.0313906779954
0.0
0.393080388395
0.062133466353
0.917664451476
0.571125093493
0.135395391807
0.0
0.692006818105
0.738706830816
0.031659106765
0.313307326748
0.0
0.00919905157971
0.528463856395
0.0
0.15512724666
0.209835561903
0.841226527339
0.0232937104381
0.69277109268
0.054457723333
0.082686074762
0.75161138422
0.136380671818
0.200130500075
0.156663120187
0.0
0.0458059597932
0.234227434052
0.671182710064
0.0464502760655
0.543490201754
0.691932960471
0.713941648983
0.0171631147771
0.113940659443
0.281847887767
0.207227149622
0.0
0.0
0.271644041927
0.21869065934
0.710085505174
0.117707353743
0.193054852128
0.0579490482754
0.23680459962
0.351948425113
0.333364306133
0.0330492604988
0.615707150864
0.0858401956711
0.962315585857
0.48581097035
0.103203392709
0.926881742884
0.656029436087
0.321628450443
0.060475359303
0.150684403374
0.61003456821
0.0396323020053
1.0
0.0342437023975
0.747113869508
0.234824270352
0.21488472095
0.134457162735
0.279257289405
0.176329337477
0.70651824212
0.313577564972
0.699048865162
0.532714322809
0.823891776699
0.247708523546
0.428693122807
0.0
0.217501769551
0.7090464299
0.26400146264
0.0
0.0336256118034
0.128180264715
0.191021658494
0.0518935605492
0.681536107038
0.25681425751
0.337643381064
0.158204873114
0.220290380457
0.791183614805
0.493402983195
0.668819615312
0.0448067919983
0.227427700642
0.15314281278
0.607293374613
0.0127077782832
0.0407021510874
0.0
0.0294034486238
0.556596268027
0.46489221748
0.0150667592705
0.707078828832
0.0
0.521804037544
0.639972098796
0.178813432699
0.174383403454
0.865003809348
0.0
0.715445035035
0.68965872703
0.0188899476575
0.178285930056
0.500030983364
0.0335595404046
0.151664127728
0.482770588428
0.606075761877
0.0
0.32723503738
0.0879199726574
0.682853606986
0.0982943583848
0.0
0.142948801463
0.695400645303
0.531562858624
0.340794664789
1.0
0.800346703132
0.24289827046
0.553476764425
0.425812548851
0.115776229628
0.0372886189996
0.0
0.314945618817
0.781882135124
0.941475920094
0.285984612233
0.0979200680718
1.0
0.0
0.437511319728
0.559470808775
0.584442359969
0.452678523892
0.39032259715
0.0941511419833
0.504412511123
0.0346758314809
0.214646334699
0.256527842565
0.656817210778
0.0
0.86288686086
0.11359119425
0.015853813834
0.366303848748
0.621199571471
0.331838106966
0.505930742871
0.543299632019
0.646246622221
0.149564466853
0.0
0.065105069957
0.0
0.717570442629
0.454827209319
0.376720706076
0.17544602497
0.0373648150905
0.414857213134
0.637341011608
0.0
0.183044590045
0.216245466042
0.0
0.0
0.00546679369146
0.269204897173
0.470300409924
0.250907640681
0.509772758626
0.382270214916
0.346810880069
0.197359710635
0.43800822759
0.611404641516
0.607342596428
0.324695326642
0.0371059533285
0.189710636093
0.0202399239599
0.241235584388
0.0614184162947
0.274045435163
0.380995505935
0.321367542618
1.0
0.169863959316
0.0
0.501089008095
0.714546340843
0.373231073768
0.185522243051
0.640522691034
0.592235112523
0.922466614479
0.556119589008
0.54706569817
0.122928177069
0.455255205999
0.0
0.148895119114
0.36538507327
0.0383075283353
0.478898232228
0.599526008764
0.310681064303
0.151371760171
0.0
0.0945262790009
0.492298172718
0.26304460376
0.0
0.297597229844
0.0445852415334
0.505075799941
0.266202376005
0.437892565238
0.695339240123
0.031341354269
0.41528922218
0.84417280835
0.278202699295
0.0
0.908305261854
0.128863212987
0.0
0.242213297341
0.0206372734624
0.175301029618
0.535504571435
0.0365218362463
0.591574082093
0.279940547689
0.650795542473
0.0680392551005
0.960161178073
0.158035141363
0.11544686659
0.661779835668
0.0
0.948724205228
0.0
0.103186902449
0.0
1.0
0.840952565382
0.0319376615338
0.209549896792
0.0
0.391439175195
0.0
0.720099462184
0.461064197388
0.679478137923
0.139901244471
0.233843850026
0.638795411866
0.382557151171
0.0
0.113495692807
0.136491898004
0.574446173827
0.0
0.830976007507
0.103458296117
0.117866487697
0.487247055826
0.906968352009
0.0878562582931
0.154265866871
0.0
0.617452944825
0.0698680263939
0.0
0.0724997986033
0.442922083295
0.353073876414
0.0293622011428
0.216321234862
0.990050220987
0.0551623441554
0.0
0.193514201253
0.132470008603
0.706888323348
0.984909500436
0.0
0.0
0.538364573138
0.517534991751
0.726128295672
0.208614256868
0.166150482782
0.4599164366
0.0
0.377592094171
0.141209705455
0.314521577559
0.475047562964
0.0476690689451
0.303681895046
0.0
0.124534787423
0.649536125998
0.0
0.195293621655
0.982720046695
0.308300669031
0.151033390436
0.776854786668
0.0435049882946
0.99732354689
0.295927812777
0.740536772624
0.834731173278
0.413196108003
0.576918973609
0.0
0.804538045767
0.401117665401
0.877039103046
0.793172212786
0.170744919895
0.628411628401
0.383305149192
0.0534122223718
0.0
0.607819369165
0.619371968502
0.385300431372
0.0
0.0778408075041
0.125303520653
0.0
0.0
0.741766346127
0.0
0.31909943348
0.134944988364
0.358762829325
0.158189263812
0.0
0.849715265182
0.562752866103
0.0426738751846
0.101187104599
0.584677279791
0.492628726556
0.0
0.0199146375075
0.0327895771799
0.0
0.861187190532
0.154135592212
0.348663332118
0.613942254957
0.731920382225
0.334311018831
0.123517766277
0.174693997847
0.80241684822
0.0
0.296470886192
0.641390083409
0.559146767984
0.173602902951
0.370441385561
0.0
0.206827266151
0.0686212038726
0.323487535941
0.748628280038
0.114641416706
0.818414552293
0.176467639175
0.129026792829
0.388660549064
0.671719069994
0.501243360049
0.179157610921
0.0874000136402
0.335090142301
0.125505773888
0.388668291871
0.113093548152
0.330585792641
0.451652583695
0.0
0.0629308249456
0.145918153509
0.797091813693
0.0
0.350900336875
0.0
1.0
0.559894034488
0.111465684476
0.114311905412
0.622618323104
0.1908343105
0.0
0.0274104936559
0.237806303212
0.258612906673
0.168387018319
0.0201203310841
0.918071314468
0.671643183986
0.0
0.368651295918
0.148267776316
0.168615132093
0.223241498205
0.384342375311
0.0566056494253
0.028210931172
0.0
1.0
0.45276214167
0.0
0.0463346538734
0.0
0.0
0.0
0.0
0.5586055106
0.0
0.0303703971855
0.33501312095
0.0
0.152752803444
0.352710664902
0.420674458963
0.612560365863
0.477156395336
0.232968018473
0.473790142339
0.539906621186
0.896955603835
0.193322375741
0.366464997988
0.556800289617
0.0
0.811148649288
0.0958493271447
0.526629695006
0.865760893084
0.0299260440862
0.0
0.16963589276
0.341599514034
0.756223144863
0.424799189603
0.0992234098876
0.0624193768279
0.0641753183528
0.479372496997
0.603557915085
0.342592399514
0.0
0.112754501058
0.0
0.0
0.0
0.140777561378
0.241769966298
0.0325286623534
0.0
0.191197589688
0.624074918548
0.158271656482
0.198691192721
0.145727914617
0.114952446083
0.19549493055
0.0
0.110856815516
0.14064045674
0.993477453728
0.0
0.421322443316
0.460470811356
0.585411011922
0.934542714579
0.256477009869
0.839878320849
0.390327181807
0.294753580622
0.274448665886
0.117215846585
0.0
0.92162381968
0.177267273229
0.0
0.588502515453
0.447978771853
0.0
0.182309757252
0.441506700153
0.0272137086365
0.396393769294
0.441273538426
0.692815685158
0.0706189202288
0.678656708354
0.0
0.229901467427
0.149787836708
0.0
0.515361727279
0.315255792114
0.0
0.31033330668
0.0
0.304381054706
0.91301796067
0.296683905302
0.641660738757
0.207875785433
0.886645752773
0.0504576507601
0.775005611127
0.431950227275
0.259727377732
0.654306389446
0.416019243568
0.426302979143
0.0
0.496276366716
0.456245700294
0.027082535062
0.14817182949
0.031866250465
0.0
0.592063881922
0.262518067788
0.335485528892
0.718657750995
0.0975816464371
0.813807324107
0.0
0.723733911901
0.154266186141
0.227321685148
0.271645351211
0.0442786130311
0.0993709539159
0.0316986941107
0.0923873291224
0.0
0.528646337247
0.0
0.240949715932
0.422655755858
0.61559286434
0.358277297776
0.029004630871
0.15750851399
0.0
0.330102253277
0.554849057315
0.252900643527
0.0
0.211251338582
0.801195334924
0.0392189991113
0.238075879135
0.227034456563
0.22506916926
0.166286168555
0.0436229056257
0.658302270818
0.355558407235
0.218623789759
0.642030560695
0.463931418779
0.115952959645
0.0712996763607
0.377566286765
0.0
0.0872908912256
0.0753936378154
0.240937413349
0.712963489429
0.546467883256
0.0
0.315004374569
0.619800686986
0.0185462110854
0.749588944833
0.277863698936
0.561117704026
0.0
0.262186695294
0.0268880601936
0.786422783796
0.216874411367
0.332370440782
0.558675557204
0.118775929049
0.338468237831
0.114901272651
0.802524442637
0.0375838769909
0.0
0.264134149702
0.0
0.0384035587546
0.118908449817
0.0316571870562
0.176961378934
0.195615647275
0.826954857417
0.0978931544404
0.0429366632761
0.365006180589
0.0
0.649217496674
0.36418969751
0.390645417174
0.132185578794
0.0326212936646
0.716133035486
0.574930707834
0.105561768905
0.0291124014172
0.492662868308
0.508036376815
0.0718163542985
0.396138189081
0.689343947445
0.536604126383
0.0
0.170723229698
0.455829599656
0.142897972047
0.436577262352
0.223933187635
0.40222403296
0.345361688049
0.977852602042
0.249908162727
0.198050219509
0.819451186418
0.217744238514
0.0466084664417
0.681275255182
0.00811098566876
0.0296303930313
0.150778335856
0.139273066122
0.0
0.0
0.0438711739743
0.750290672247
0.0173248495901
0.0201064279584
0.317350000175
0.378520560171
0.357218766147
0.340627074197
0.488649892514
0.139590881713
0.789960252205
0.43454330976
0.649707615994
0.136025265742
0.254996906028
0.0
1.0
0.97309407936
0.0448258245755
0.944926227783
0.302388616811
0.395970624625
0.312747273458
0.0
0.0
0.620162490228
0.115275534265
0.153021798079
0.428543723313
0.17716839751
0.271585299018
0.116662205057
0.132253660961
0.110302276263
0.0137549438757
0.714146014206
0.796537090074
0.888388530693
0.738993335108
0.132285237812
0.914642266376
0.497813957547
0.256958943246
0.253380064833
0.253603737302
0.396040302132
0.415778972346
0.0474226236503
0.0125087089797
0.405014424173
0.0601260342455
0.484819818916
0.456334557856
0.0722951553911
0.673876747816
0.152645595631
0.487921107243
0.452021242909
0.395254634651
0.066302912517
0.0
0.064353973626
0.238686580557
0.099844106345
0.0
0.154521143823
0.276475331678
0.873724158596
0.678837909757
0.406920004038
0.497030767813
0.00457598085187
0.96585131725
0.459164084877
0.232230530806
0.78301168246
0.0651731726676
0.0605660695311
0.0883309768964
0.0455194441311
0.453571580813
0.323435405208
0.410916308091
0.574989044896
0.791387257359
0.676470051307
0.0
0.26475300508
0.0
0.102300403095
0.0865974079979
0.0368542857862
0.9585402883
0.41501636504
0.28634807913
0.617833134755
0.0348377746789
0.3992421928
0.0244336736317
1.0
0.438649475913
0.21188190791
0.119619194198
0.365268583799
0.0391420489015
0.597048915484
0.0851724302108
0.514061511823
0.796554414015
0.151283072809
0.174649491725
0.225892288402
0.608756862652
0.697733856773
0.0
0.681409648394
0.957483999789
0.794498521418
0.116197550921
0.485019689745
0.720208413417
0.0360039869744
0.868566437682
0.38525727088
0.0994714685797
0.647102455439
0.298587647286
0.499180703806
0.202071496589
0.221689220696
1.0
0.424631543681
0.584101265754
0.266254331053
0.0273601282384
0.648591008078
0.919058188402
0.0649631854541
0.0522575562369
0.789803695828
0.180332194994
0.113843820161
0.85644587162
0.625466472852
0.490862434518
0.0
0.0248866401002
0.0227381754442
0.714182086976
0.609862445518
0.119243627826
0.414472829121
0.149965324935
0.0
0.557049157548
0.623215659256
0.822727155036
0.134050741326
0.129963249966
0.0333440992291
0.20537689123
0.0351804841609
0.0222429263052
0.0
0.42973112683
0.178199320561
0.0
0.47701981319
0.427031603813
0.166160212864
0.389535470855
0.414612543136
0.404246408799
0.111626151636
0.0
0.679723079754
0.479079542052
0.0
0.0842487872563
0.0
0.242587339989
0.582903300967
0.60468685592
1.0
0.051112364041
0.0
0.0180660079097
0.325383859548
0.514580811955
0.0977361377282
0.244644603727
0.171019854107
0.620947585875
0.209241892742
0.313776971769
0.0
0.160220524111
0.0340911226749
0.354058475633
0.770179985185
0.0681651202827
0.140933510956
0.431926135475
0.340008141416
0.684465225876
0.466184928952
0.0431564413268
0.177891302606
0.693774050035
0.467101020017
0.195573121581
0.753747685748
0.691044415402
0.708390079688
0.0
0.645005549986
0.645884574369
0.184884787916
0.478129245995
0.446792088856
0.376922676128
0.382781214095
0.496455976927
0.0365976708285
0.259513603081
0.35040736432
0.144355839591
0.198008505091
0.315948288996
0.00276522148369
0.0368869256625
0.293781108582
0.556285016573
0.14298009475
0.97645432781
0.219762210022
0.239420867186
0.0265890570698
0.0674252448539
0.851059083438
0.763090369177
0.110270995318
0.0
0.968764957933
0.391768866003
0.141551963758
0.0367906715517
0.0443106146622
0.461904357504
0.0
0.0264419286564
0.357852642525
0.0574579387553
0.0
0.298583287707
0.0
0.45110493932
0.197577945904
0.753566286632
0.0
0.0186480329149
0.0586235788752
0.872155820976
0.61382370634
0.279111473109
0.509189335068
0.364627756074
0.0
0.061678079784
0.416511341055
0.478812603637
0.293722309923
0.176193381426
0.629097572786
1.0
0.604091060932
0.448424423059
0.812609323545
0.348426149564
0.809335687343
0.203044779032
0.668086493351
0.130756001019
0.251588754411
0.748037067082
0.133985804503
0.0
0.354998917475
0.165776001958
0.245055840939
0.458860070699
0.0338845269426
0.811450752566
0.0573216508697
0.0273008196592
0.17811911943
0.646259870897
0.115517691632
0.0
0.318987431558
0.0504857013047
0.483919195482
0.236842841506
0.487604149405
0.108466998835
0.0
0.167887109692
0.0
0.0510014332539
0.13656666785
0.752507649507
0.0
0.262250500357
0.125271516315
0.200917795592
0.517402436478
0.692263681081
0.563443923221
0.760643776159
0.578782762795
0.447834858336
0.224245318483
0.533454264853
0.0
0.349757008341
0.141690524275
0.209390007963
0.0133825965207
0.378541451386
0.309661117657
0.0374656670403
0.415547725984
0.622249482943
0.685093987502
0.168914059685
0.372771602483
0.655573845499
0.033640360469
0.314425813229
0.374295044818
0.41159916625
0.54688276771
0.528970180303
0.322892387886
0.191729008031
0.128160545647
0.0373671701125
0.0
0.0
0.571153711924
0.270620131233
0.0
1.0
0.0952527000349
0.0253988509389
0.0458150319737
0.186901263494
0.196391451104
0.0835254480203
0.0
0.429881775719
0.283513941604
0.0519480640767
0.479674939721
0.0
0.408627469598
0.0785766899075
0.177515904045
0.0465029448224
0.355142563336
0.733401875546
0.624125625762
0.731458739866
0.0
0.453440901373
0.0
0.0298587113482
0.0482504055245
0.412502528884
0.265899828031
0.619092465812
0.286996184874
0.0968242021918
0.0502366906572
0.338354217154
0.0422769013084
0.149305358036
0.0
0.110357122305
0.848687204119
0.11465843535
0.11550506925
0.0578870520504
0.210937774308
0.332410098218
0.332568176191
0.0290864139482
0.161134498222
0.0
0.0883198740127
0.987026680838
0.926487087831
0.384695588221
0.0723941360833
0.47632960976
0.0219425239058
0.968164518745
0.586366228911
0.198186222746
0.0800396925939
0.196817767124
0.733280495711
0.152162406725
0.953801437556
0.495025925698
0.0818515069059
0.128394835958
0.624972293366
0.837943568341
0.609309769101
0.671508426836
0.111714944139
0.0
0.118527879123
0.11507537204
0.211162127517
1.0
0.470293072289
0.164880495634
0.0207303779141
0.0372957296846
0.0263385123433
0.0
0.0517981634378
0.773919071829
0.0
0.310042194231
0.280549635724
0.183469819534
0.0670539186743
0.133771657959
0.0
0.150693881415
0.0
0.566930077816
0.114085891409
0.599473438426
0.0
0.0
0.140270373893
0.826212001343
0.560337727704
0.353832200919
0.629173569288
0.326156359335
0.46602404698
0.342294538608
0.0581196079837
0.437237880108
0.155319368337
0.437987782615
0.295515956771
0.532444164259
0.706204131639
0.305117662634
0.593109996179
0.512063569888
0.0
0.0
0.346120283086
0.0
0.0
0.595982661316
0.652142689986
0.853626800223
0.171269178381
0.475560766829
0.278815690878
0.616614523853
0.0383160473839
0.805907162035
0.648489872711
0.360184101637
0.0
0.268398945098
0.0570072665192
0.138257680862
0.0172975591154
0.00603613047708
0.625664595678
0.108773049036
0.765710128623
0.411230174039
0.189087940349
0.890079940597
0.0
0.426050372928
0.536975417186
0.145954292433
0.616819222364
0.0626756963782
0.866512377517
0.112697085566
0.688025621801
0.803566306369
0.637061770108
0.413812178604
0.109702173594
0.592882453535
0.312640211207
0.234345086622
0.155701204593
0.0144683804563
0.465000845628
0.518066104256
0.583358424661
0.0
0.158036206926
0.0
0.248657235429
0.401459779611
0.313811271553
0.65900926648
0.238117071406
0.0
0.898781750526
0.524227803062
0.557022043623
0.0
0.0
0.985204528407
0.147140753665
0.523959144341
0.647466617954
0.0590428914
0.0
0.117614151122
0.0
0.0
0.0
0.448204872088
0.772694497117
0.0
0.526052642206
0.188549310984
0.44658754796
0.156190771692
0.150430243535
0.390440030998
0.26629638888
1.0
0.20420134277
0.669310371998
0.0281265288311
0.0194117743802
1.0
0.730010879515
0.942609569914
0.100899640553
0.0
0.29046048793
0.0
0.13810039111
0.403177199511
0.424718769634
0.0
0.514407947439
0.0974975836999
0.396058368703
0.0101372151214
0.121786423763
0.135833022001
0.0
0.356257313077
0.33352983769
0.46393782751
0.0
0.527537631302
0.455140315472
0.408053102775
0.0978696822786
0.22963579722
0.788645490247
0.107671082749
0.145818774225
0.351561394296
0.334331440769
0.301317042972
0.0735246460814
0.0
1.0
0.0
0.0806697233732
0.0540362743636
0.29647946674
0.609819872219
0.094065813222
0.561499635533
0.285076452777
0.618764732257
0.864119594827
0.0
1.0
0.346369771278
0.0594753321339
0.307068499029
0.462932464894
0.0
0.360837432751
0.0438141130821
0.521475440066
0.781321642737
0.510948875324
0.43921345547
0.104432843276
0.220186099818
0.493628263856
0.469553238445
0.773082914117
0.616516150212
0.353552284407
0.487093313421
0.0594331885477
0.088580292716
0.0590801777335
0.478851516273
0.510454477718
0.204782672849
0.223238683872
0.0567264041899
0.434611969659
0.502034745368
0.843300260864
0.45715713403
0.341218404529
0.138149567626
0.117676787573
0.157712680908
0.725504980838
0.113276438696
0.186301659738
0.693841735628
0.687610903427
0.319405792524
0.270123166986
0.0
0.045738277448
0.10055621401
0.0318358549507
0.524086285432
0.969256043517
0.855499285393
0.0
0.396282618034
0.511523256154
0.216610060386
0.115520817695
0.0
0.279166814403
1.0
0.553493051415
0.211332007293
0.301941453256
0.160025174302
0.239113835407
0.535806736308
0.797119712336
0.538743928452
0.0260675954202
0.120065627303
0.764473352931
0.0343117365355
0.135190012274
0.411446596754
0.0399696811223
0.0
0.0536943333153
0.268800962787
0.0156578167307
0.738708965121
0.181232001172
0.994641252195
0.337202326464
0.19316560177
0.561867816332
0.469035135992
0.103369178572
0.822417860828
0.365745242824
0.329704238227
0.184020747163
0.0427333800224
0.0
0.977628280416
0.0
0.805734397008
0.42067300051
0.0541917716041
0.58545527773
0.899714877114
0.196082379852
0.460125716329
0.115024879227
0.0137825450934
0.090399156655
0.0260489503873
0.656586287354
0.152083949058
0.605634037858
0.171951122439
0.0
0.175730180665
0.132249961295
0.289400810184
0.061087607783
0.0
0.0
0.0342243632318
0.528054677664
0.157590359769
0.937502241342
0.665706824121
0.377386858568
0.298905292503
0.0
0.410518720472
0.502143166102
0.684154113491
0.020842718037
0.736889837623
0.199396947399
0.125236101613
0.193888285392
0.0725042815443
0.141883549582
0.6547369002
0.0
0.391397669138
0.360137297985
0.0
0.0325379024774
0.0
0.0838915234165
0.29897107231
0.150992751554
0.0281747492451
0.506792748561
0.842924022501
0.26374405561
0.591072854843
0.0458680970093
0.324282741275
0.377329588919
1.0
0.124209589989
0.302816444098
0.879825621911
0.0870385751925
0.639052312184
0.656740594338
0.0190025547589
0.0
0.0847621829748
0.0
0.117915468463
0.579427595501
0.149133150333
0.519355349243
0.147919088348
0.215136755556
0.824261138534
0.655302732437
0.493218386658
0.350002437688
0.0
0.76296703309
0.0227909274155
0.508648880687
0.941983426621
0.723466404204
0.188530351109
0.174350041808
0.04996957936
0.0358789643847
0.107104560447
0.0428173281743
0.206554049396
0.315507182665
0.100564701471
0.504490383887
0.050161781527
0.851521464813
0.582891949739
0.394218523232
0.0534366140807
0.00658745036948
0.426996144459
0.192857363934
0.0
0.109417645264
0.218811058802
0.593286468755
0.464668695101
0.469743604193
0.148379720053
0.478036552703
0.480883466905
0.0
0.0542966467679
0.403962086641
0.260199976143
0.356567575868
0.160980997883
0.133043255404
0.0936609735431
0.402388968659
0.888215828981
0.27337530811
0.201421626654
0.473026210913
0.0811148259885
1.0
0.0978360669564
0.489510321143
0.359597755852
0.88833533077
0.12914606651
0.210573376364
0.538871338715
0.312080522018
0.379457139241
0.0531776653659
0.0
0.0
0.127039601874
0.293819016068
0.138269599531
0.324169636868
0.341064768428
1.0
0.0968881417884
0.261522251849
0.295688618662
0.0750452881262
0.476126589386
0.359658037429
0.333774523938
0.538591074798
0.43832825615
0.00721122275544
0.0
0.345969419543
0.99205430419
0.75759991937
0.96826089085
0.703112875204
0.507232493141
0.916710786161
0.290875710009
1.0
0.375439076152
0.0535846641277
0.385066659701
0.743106256466
0.449152917794
0.987190634261
0.463948193219
0.639617043878
0.0840019136392
0.0549525363121
0.0
0.551781499028
0.91801673128
0.0268907997158
0.552344767278
0.901691171357
0.0
0.0
0.0219947781587
0.0
0.0927432779293
1.0
0.65503539264
0.157789971296
0.0
0.629078192998
0.091397040426
0.0
0.500074284652
0.622850016531
0.109824454008
0.0925104976681
0.449655373004
0.0672822656109
0.0
0.47273677547
0.0523352461863
0.05119054008
0.157815619755
0.316792147806
0.0372944045554
0.0
0.0614294626459
0.303293961973
0.545477463201
0.33662009335
0.683016805056
0.490628485782
0.0
0.833693466262
0.83286280551
0.112458789788
0.232859522636
0.226774315868
1.0
1.0
0.0
0.0986490351066
0.276475173389
1.0
0.550087988421
0.0
0.188568130547
0.482456918058
0.0
0.477087559099
0.0
0.185350289101
1.0
0.172456255133
0.219327836653
0.580958367082
0.596277637224
1.0
0.420995199522
0.223398484132
0.0238713882247
0.583873199641
0.182353280698
0.952789088344
0.234619128626
0.355711909597
0.486529313972
0.412541732228
0.544792515224
0.00531717227572
0.637680706717
0.541043486613
0.285653947487
0.655907721468
0.0526452886983
0.0296528762094
0.45397944796
0.169243705333
0.589203295312
0.392437349324
0.0
0.530919049655
0.451980021836
0.0317964044113
0.278231531792
0.035765171474
0.384059488044
0.128119858274
0.0160828656483
0.0508075559927
0.537157740041
0.154517784691
0.0
0.666080087329
0.287380872833
0.0672477265653
0.326674854558
0.43532637905
0.140852131325
0.0
0.289132096206
0.343157970757
0.325423049712
0.0246097744459
0.104964020713
0.935880387697
0.217443745797
1.0
0.50463160097
0.711753574456
0.402458919807
0.921015258944
0.310301324927
0.333707654774
0.343143827052
0.774413627479
0.590027463509
0.433883463098
0.176967425134
0.594976836089
0.521101676723
0.309288607487
0.236277979265
0.668349092235
0.0187897873993
0.85281139061
0.03476997803
0.266340419283
0.520480486337
0.596120341341
0.0417931030894
0.0431322443514
0.282994403004
0.0
0.115742086195
0.739359579886
0.115469118479
0.0556313082935
0.134691323594
0.371971128933
0.532430759184
0.138109394194
0.0331629649556
0.462222442422
1.0
0.508793701128
0.0913965950362
0.0667032118047
0.467617295102
0.79739591839
0.0447057319295
0.36608189201
0.582133944749
0.0345458124806
0.12693615832
0.642569518718
0.0
0.142971437345
0.351293529559
0.691447416369
0.0
0.0781386775665
0.0335371277713
0.441968249556
0.671075629139
0.444605246245
0.0
0.713968028174
0.109123146867
0.659958129422
0.517009477526
0.452563385737
0.691036788272
0.123356384556
0.0
0.244973671047
0.441776683642
1.0
0.315870851448
0.250637142047
0.877777526385
0.206224897083
0.27144586876
0.0860396704638
0.0
0.628890477389
0.0
0.0
0.632329902403
0.594212641712
0.358634384353
0.527298073311
0.421831091858
0.278494130667
0.541782093391
0.0489991973358
0.135242237751
0.620694243575
0.746393961292
0.0
0.514781420712
0.19221390034
0.381928130962
0.0
0.244920790477
0.719868566391
0.122275651503
0.0
0.362640503052
0.120101502735
0.502137092583
0.555248351193
0.246250314948
0.488412443607
0.290909809913
0.08392679872
1.0
0.585170687522
0.231494323743
0.201635159675
0.372932125532
0.470768669792
0.466484771999
0.423458241512
0.0
0.15434743883
0.0991863673151
0.615425579761
0.564336162638
0.115910828339
0.0
0.0
0.485339473298
0.465698019469
0.184408193156
0.369500438407
0.819855717031
0.198201331489
0.0495291755139
0.404685772016
0.0967580953579
0.691979120665
0.663537370865
0.595366963027
0.405088538646
0.0
0.061293797576
0.598734209977
0.0347941752691
0.0345995478795
0.587344559128
0.757439001233
0.838105113246
0.416454265085
0.0621646666199
0.512064288793
0.0453738870646
0.151808445966
0.0379215074365
0.434449117504
0.0863372917426
0.0418000061494
0.0183111461766
0.947065242472
0.471203828432
0.573610032238
0.0226369561731
1.0
0.0
0.0412149039895
0.115687332236
0.629071061791
0.256482068417
0.695621192954
0.602242139934
0.0
0.196223515718
0.689444985872
0.841427843076
0.109079895398
0.230627411826
0.0446434030855
0.819575272571
0.026153767685
0.0
0.322986393525
0.0461407063393
0.0
0.290611522372
0.300081878808
0.0204530874708
0.346389543037
0.54109160653
0.248321602848
0.532655126304
0.325638277496
1.0
0.59163230402
0.0896490990807
0.222552277229
0.391730539278
0.0320634999693
0.265188785957
0.134650204249
0.65459377599
0.0
0.337794805551
0.122982304668
0.131243245724
0.290771859508
0.0454595933326
0.428878381561
0.0170225369504
0.405795636457
0.457734018506
0.0
0.0
0.1963785474
0.71262253978
0.0
0.164568663304
0.15338301285
0.146171937967
0.0672699242526
0.0162161410588
0.797202376261
0.0453289799049
0.833903626975
0.634320845052
0.348626499565
0.0
0.458315880821
0.454780943917
0.27323075625
0.0
0.512773916114
0.0534996719398
0.549446324166
0.938737260061
0.114943522057
0.805053964945
0.808010379376
0.233643987812
0.31165434353
0.0
0.16327499376
1.0
0.0293370213941
0.29671854341
0.0220088550304
0.595053124611
0.224924180354
0.141854220295
0.0267018240689
1.0
0.0
0.305574795597
0.154516893506
0.0514959817649
0.0947647045606
0.0572984904843
0.402873396725
0.126418272106
0.142804831495
0.529599339023
0.119064029526
0.0
0.366267133333
0.0909862725554
0.0
0.0
0.930460340675
0.0
0.790192637593
0.646381741128
0.887787337217
0.689937305448
0.742616431516
0.0270307710509
0.0151414313707
0.306739330604
0.668389027299
0.357341428453
0.579543680661
0.301610620871
0.168062430788
0.0
0.464843435769
0.223982331547
0.314721841351
0.0130951501415
0.0504395063758
0.307986029508
0.447076741412
0.665738269185
0.682997683767
0.496517934578
0.0
0.641361031861
0.558618581446
0.51134453216
0.262558434566
0.721657972969
0.0372139595487
0.0355523115115
0.138404951615
0.0
0.595276385652
0.0
0.306055577767
0.0721205664566
0.123885300157
0.0311569494453
0.0
0.188502125577
0.918754271699
0.336063760058
0.244875849828
0.0955960209596
0.381551237675
0.724447367359
0.515859100758
0.207137905387
0.143331360145
0.130710819972
0.664066510131
0.0
0.277708159493
0.661720476868
0.920307746853
0.170373157951
0.385633795617
0.096596073454
0.114033897369
0.578686096741
0.232231008961
0.0468208577449
0.5305596726
0.0123680041659
0.0
0.171824350039
0.799694620382
0.185219755143
0.0
0.781979534945
0.0
0.0
0.00685320389187
0.507695835078
0.456624883529
0.734303292078
0.351447025804
0.282883386426
0.501252506027
0.13782764938
0.254475089678
0.0421346112214
0.163829693464
0.0
0.276157521593
0.111846625153
0.794124954234
0.377049387001
0.48597087932
0.429706371209
0.0505504560373
0.0182778852233
0.0
0.847909790052
0.493072408323
0.0784121615946
0.156616948694
0.384499630866
0.741005920086
0.372171912828
0.645791646907
0.376770366746
0.402206276728
0.0
0.0
0.247768744853
0.0
0.0528394402142
0.434439694411
0.72478304327
0.138684375319
0.450763737857
0.734511385394
0.480972406374
0.0500992436216
0.727632965768
0.0591636334839
0.0
0.244377975629
0.0
0.249412425958
0.392632265719
0.11143796964
0.491403878098
0.0325611824595
0.370613607334
0.578107643059
0.748574708571
0.797174698604
0.181516373782
0.269364464306
0.297436997293
0.488567910562
0.0
0.0
0.017861652246
0.0257149963228
0.354743498078
0.106344376845
0.509404294663
0.380239728904
0.30180989317
0.0
0.181523156893
0.171332594947
0.244008204234
0.993573710998
0.496907947187
0.12047635554
0.519130254076
0.0341799110351
0.0211368229969
0.636999114778
0.224892289736
0.116786648234
0.583858138551
0.0
0.35167809413
0.0
0.354001638492
0.144928133136
0.988359329992
0.0
0.0419810510721
0.0
0.881062293334
0.401920994769
0.118163241811
0.415142231134
0.38291808655
0.766916829116
0.267834325655
0.26643534274
0.361509919847
0.598662928121
0.119987985188
0.366749167891
0.243557114135
0.649287117338
0.347520734144
0.342163932893
0.269410372212
0.677510557958
0.630987147753
0.352101162886
0.0
0.0312250615049
0.0401541483684
0.226619045189
0.0
0.537990358079
0.284476435742
0.0449057089708
0.104510402643
0.0471757626396
0.11950527931
0.315448362688
0.289891814874
0.636077809403
0.679361264543
0.266484247151
0.385900205133
0.125661940264
0.044583102732
0.235439208869
0.113971574976
0.25202920067
0.0676887024441
0.132941076855
0.227195661793
0.276474916991
0.546960710253
0.636117824599
0.798030466963
0.463336539196
0.0
0.180678473846
0.267706436973
0.0
0.0195529319209
0.716742821702
0.373895010693
0.134635555777
0.427350617827
0.647110072134
0.162436349626
0.210989495445
0.0661716225209
0.115517691632
0.0621699895011
0.19052618769
0.60645276454
0.160000075598
0.709562359424
0.698378846389
0.0
0.187664003082
1.0
0.733255656155
0.179089158591
0.408380848773
0.834170747693
0.238100359784
0.30899189501
0.423141079536
0.570683228351
0.43875507815
0.763414639707
0.456420561101
0.0266672365908
0.0
0.0558681787095
0.235608010527
0.514835731448
0.0298518074895
0.708503652174
0.0464664222791
0.14610428732
0.644065054719
0.559723383708
0.237402078001
0.0175125331542
0.0
0.463902275304
0.456380903636
0.129718274018
0.677683697351
0.126673647206
0.309073722621
0.354580729916
0.18011573217
0.571509570979
0.584429406137
0.990664817636
0.0
1.0
0.0
0.503009742901
0.544011200034
0.951443248378
0.510016936575
0.361488367203
0.72132577153
0.0
0.157052564476
0.687140971949
0.338006792016
0.10163537017
0.128551731694
0.114862745912
0.0
0.13479339479
0.556455529875
0.322531954691
0.741611098746
0.490441991715
0.170075193687
0.0
0.61141270203
0.355057436162
0.248244562293
0.485631849373
0.130352137276
0.160378723339
0.0615459245145
0.0
0.959504712894
0.211251490696
0.676969908545
0.485768287629
0.0
0.0
0.101688215188
0.177998869295
0.0
0.585871807863
0.446151751023
0.0290561743103
0.437375166035
0.0
0.269038344991
0.150088429021
0.0330791319223
0.457439842337
0.590576510899
0.443443847556
0.335223404355
0.90003956787
0.303024070862
0.149561423282
0.303755292963
0.49670737707
0.320283198878
0.183339021618
0.207463847857
0.410143231781
0.0
0.0
0.31521567902
0.511415599783
0.998573661102
0.300588025119
0.0245525761209
0.352245248544
0.107641177314
0.665511386929
0.161883487445
0.0
0.585658182177
0.0
0.258191698284
0.0
0.025829227861
0.267262299228
0.0336827207645
0.1546550994
0.0280359999796
0.037948370165
0.476093154029
0.303755609893
0.470523832616
0.485124609809
0.0199693251973
0.191473512054
0.0
0.713108723749
0.237463526825
0.439214215431
0.507941298035
0.299138846876
1.0
0.568905060846
0.230631019023
0.278532942403
0.860004568448
0.00956556312318
0.34044957573
0.031008324462
0.111497411612
0.0555087531152
0.0364363447872
0.53313153218
0.0
0.218244583197
0.342377953938
0.138120578592
0.206891178623
0.636740824752
0.278733506727
0.0550343695327
0.0454364333009
0.0
0.261116117416
0.105007229441
0.217849326514
0.0
0.50820181971
0.177324483393
0.898335764843
0.0112448093674
0.882232670066
0.0175967950564
0.0320654256472
0.188816160632
0.0
0.274920997941
0.209647589529
1.0
0.804767782815
0.294242433492
1.0
0.0
0.192453453418
0.321047662702
0.0503554557715
0.366814692307
0.615051443843
0.0
0.0
0.301706699731
0.0
0.263440289696
0.119268882731
0.0
0.209920483226
0.0
0.0
0.0463373205073
0.849495655283
0.1429861827
0.680032002883
0.0
0.0
0.14546303496
0.765345599835
0.0
0.558184395904
0.912113273144
0.0
0.673509969909
0.620586295797
0.152838841956
0.522924980524
0.0
0.526840516352
0.0112401767877
0.0
0.824416476764
0.173657260975
0.687946444781
0.0
0.796328028284
0.590932793381
1.0
0.145585897849
0.0
0.34367056835
0.470547977837
0.623034162951
0.541861011584
0.338515107344
0.696270536036
0.23509291774
0.163227053266
0.0619261496509
0.121257369206
0.560000326084
0.942871155846
0.0531177964745
0.0336372202285
0.419733626419
0.508931800429
0.453647450035
0.745362314252
0.333066632931
0.0
0.0
0.0666408482233
0.0
1.0
0.135326347884
0.0523582860805
0.184096209213
0.195394669668
0.907958816525
0.570100476531
0.52754386338
0.805259960626
0.206518457784
0.0
0.0384517375303
0.454946308642
0.0
0.467629730981
0.560934786708
0.330732501153
0.373420713675
0.241613499264
0.0
0.558937336004
0.532582516996
0.034563433477
0.187246173106
0.398091904413
0.0
0.0556665048207
0.178340014149
0.404437634162
0.664140206596
0.743859321599
0.0525466590399
0.466621032147
0.247738038076
0.0
0.485551589661
0.668959284269
0.231172592156
0.0
0.169670117534
0.0
0.0
0.0650161779338
0.0802180893564
0.0
0.553155277536
0.402373742581
0.049921802283
0.75521654516
0.184172465256
0.145059325876
0.497065855505
0.304362713033
0.0248147212195
0.466624157746
0.434896272368
0.0868050046742
0.0
0.0300516103253
0.0369425423958
0.547581639717
0.0
0.134799033206
0.650934247668
0.404527023538
0.0472716402354
0.237679622533
0.0
0.477010591172
0.215516439149
0.270806549752
0.239761221554
0.0
0.768187608815
0.21867275092
0.0
0.0437907336394
0.450999644955
0.326247555097
0.0622853242183
0.0
0.271846877807
0.0283331554017
0.00944901131642
0.720349066925
0.557751745397
0.987390741497
0.308227286063
0.871109030123
0.0247605873538
0.0715021753855
0.123497266224
0.198663638027
0.0
0.637047484875
0.063317698549
0.0535629133562
0.388982087382
0.695628552189
0.738260818599
0.443849798005
0.0
0.14136833693
0.295258053405
0.350886847536
0.0464783295935
0.37460637879
0.113924496202
0.0225753473981
0.0284090591252
0.0958680865179
0.0
0.452860472934
0.591804365457
0.522361823722
0.185956046421
0.360581599801
0.767823598628
0.154410453714
0.597236478638
0.035425916364
0.0
0.463342185009
0.507642937884
0.0352069484502
0.818290609065
0.972120247355
0.0
0.364697009637
0.0
0.061872001837
0.186918620755
0.0214131005107
0.022402608121
0.0283111762842
0.308179730019
0.0
0.179537721943
0.0
0.783169166695
0.046996278632
0.585783310223
0.538031014972
0.776365047305
0.142140897783
0.650523863009
0.924812821789
0.789437295792
1.0
0.423642825423
0.168057083315
0.0282059483936
0.652856403577
0.501580314091
0.403843453363
0.0
0.313024142095
0.199256054781
0.112789425066
0.521686584036
0.0
0.322194748834
0.316423210721
0.741712352125
0.185583576047
0.184956441151
0.447651261984
0.0
0.0329608566333
0.451683989224
0.0
0.129101588439
0.266440875364
0.416450465833
0.0
0.116335978431
0.0
0.418759580413
0.465423795889
0.653709617352
1.0
0.828242415861
0.37319395018
0.0957896215843
0.0338301689033
0.172306898867
0.809601638898
0.523322397148
0.118077563633
0.270085799682
0.0711629185175
0.397918533944
0.137191984816
0.50779499876
0.143054100845
0.0524333302239
0.0392717136249
0.106584900363
0.357031291669
0.253662707979
0.269154432274
1.0
0.296481418496
0.0682926094981
0.327450926032
0.173040906102
0.0387658610865
1.0
0.0
0.271446806145
0.317726126123
0.884084632536
0.759010022785
0.434268927382
0.434486829587
0.685799382207
0.321792031046
0.454283426934
0.324668002271
0.449121933549
1.0
0.441258030633
0.766208535517
0.449602314028
0.272603338257
0.186283514277
0.522377508184
0.369408726265
0.637059262281
0.0533642345284
0.415592502333
0.737866110235
0.590792769523
0.0
0.435694388872
0.407528874259
0.159503067554
0.301685013501
0.212589986407
0.0558587314068
0.183809447971
0.641445640468
0.0328717120614
0.055648016019
0.20048939179
0.0638465837103
0.707536735197
0.847478283888
0.785779206025
0.482552505435
0.217845247735
0.24638378744
0.831227463473
0.165876566015
0.737440500904
0.535365909864
0.0979412629052
0.117446172621
0.228332375964
0.743790944875
0.508770533944
0.45364842417
0.492588223872
0.411785304949
0.0
0.153571523442
0.337818192035
0.435265911405
0.473361414437
0.523479678581
0.599015086749
0.0375377511342
0.0877578400716
0.146096129303
0.486188246902
0.0
0.128236969614
0.484661654546
0.12342837992
0.317321437761
0.145313866096
0.685746428488
0.404280594685
0.675725493587
0.0802012382748
0.917716089514
0.263020230056
0.536992039208
0.0
0.287166580594
0.722655128096
0.0253270409113
0.0788820063607
0.0445831254107
0.0672974387431
0.616117170682
0.478102706561
0.112376505596
0.873653342139
0.0353827893528
0.0984973966311
0.482716614739
0.787248958661
0.653952250901
0.287465895832
0.0311280521132
0.646274141891
0.546858239028
0.228693904723
0.679968355886
0.0
0.513611304602
0.0354376446325
0.0325077362583
0.0699861842093
0.946930568272
0.0339959808056
0.29562510802
0.758775036455
0.0
0.435543304797
0.125230054503
0.0
0.499432975286
0.864166968413
0.380732021571
0.0571783016858
0.280775135284
0.2425381292
0.328476920423
0.0334271235643
0.0
0.0
0.0229960628103
0.778343259025
0.340427581306
0.208274093143
0.294884007105
0.0874004680239
0.456825341771
0.0
0.274492832968
0.810982481938
0.0
0.420839317143
0.03885127588
0.545275466234
0.0
0.592212650747
0.092161714687
0.81193380805
0.385566646063
0.966969479949
0.574512778321
0.1059296617
0.347834724585
0.0
0.677587916842
0.368307870473
0.118839812681
0.551411197102
0.266493404851
0.508502639543
0.272526205132
0.336397218801
0.280981951197
0.247585969749
0.0280446774642
0.311997242002
0.0931479984471
0.021111343235
0.0317090579995
0.730708376585
0.510310399626
0.0
0.693448655453
0.149189990709
0.0524441903798
0.148915208941
0.247008271665
0.703089589632
0.0213097838072
0.251925559621
0.571666238254
0.0911368208048
0.600260014525
0.0172392938662
0.534045476469
0.852940233744
0.676569513453
0.444863482298
0.39396585157
0.196554413531
0.858220101369
0.0
0.488576073258
0.0
0.66874069222
0.544504599378
0.417808943929
0.138097295364
0.669177537638
0.042686454686
0.29959731951
0.0
0.114115413104
0.599235552533
0.618932889993
0.199320142435
0.387319838436
0.0
0.461556802604
0.162020944497
0.330027210753
0.1903724105
0.112983474593
0.0217251433909
0.100815912682
0.0574955098926
0.602825377688
0.449043746883
0.386015433296
0.176829440914
0.128362068509
0.0235353555884
0.0874369571732
0.50906581764
0.194762726945
0.421420986327
0.0241086739791
0.0
0.0463903072986
0.524772393493
0.205046139535
0.179994778325
0.425067872406
0.680503226963
0.441562142585
0.410784618428
0.910606697331
0.140140402162
0.3008665485
0.169762120127
0.343278863851
0.621147974301
0.243621502649
0.376980392875
0.31262440356
0.0468105034683
0.0
0.429050784681
0.148263619551
0.463524706912
0.247093897643
0.0523890399408
0.399287871329
0.108202732453
0.366018196011
0.152680591035
0.302766736388
0.275321024509
0.470447594182
0.276887288642
0.0943880165289
0.0937127780989
0.211024215199
0.0934853923373
0.0977434070202
0.31281831884
0.551526233963
0.518189108136
0.12687876226
0.564131012986
0.271313306915
0.444926878971
0.0240356431088
0.189775735974
0.15097367243
0.0939534758262
0.276334398127
0.740409072458
0.276446142977
0.115307087127
0.0
0.0493992204177
0.0723544532887
0.848965614411
0.160759948251
0.0
0.0371793956616
0.111551094989
0.2785484841
0.716333551553
0.126228025631
0.365960734756
0.168872519043
0.234646480976
0.312176770739
0.203171192748
0.283312677074
0.262042865347
0.0426084365278
0.195317421612
0.444668369339
0.895779459968
0.841165271466
0.0460752419512
0.0314828648824
0.0677187911311
0.439434540033
0.608029648974
0.729447604816
0.0172605742218
0.0555702925835
0.0482742833537
0.116739733164
0.12473049566
0.0
0.589034800319
0.436617278469
0.542337016699
0.399916799583
0.930143047837
0.0
0.271499518037
0.0778077134794
0.283436783554
0.986133847363
1.0
0.671181466088
0.0397473203658
0.572838095444
0.25776480598
0.707795779685
0.109391349723
0.139644164732
0.120249469989
0.0
0.127923831787
0.399002801101
0.321239136503
0.877246680165
0.0337596877112
0.598045055827
0.036080102957
0.0
0.1803916527
0.12479976746
0.064232014996
0.285546684707
0.369185368174
0.0221125929845
0.187290338457
0.120795988037
0.0515556437031
0.0
0.491786409674
0.0
0.310517756043
1.0
0.590707719834
0.56718619418
0.296147413538
0.474369016061
0.016783347424
0.486720142151
0.0230858939374
0.410989375402
0.0
0.0
0.0157808947738
0.394359707423
0.0
0.421936895991
0.448584477527
0.498266471029
0.0419868248037
1.0
0.670222420203
0.287307077453
0.879547369981
0.0902761682137
0.776088070998
0.673606407633
0.0
0.0310323190571
0.224891402769
0.493987741351
0.683935145913
0.149815480858
0.0
0.860258615104
0.272634371154
0.0
0.529510300209
0.0295035505573
0.0
0.0606226295625
0.293550214635
0.438799648883
0.109990013232
0.301749706187
0.125671879205
0.299556181216
0.0177672911598
0.536035388531
0.511120071172
0.468776549198
0.39123918669
0.445872152993
0.168137956107
0.231479940319
0.148088798139
0.0363382663759
0.610168037454
0.55826700529
0.877866689369
0.441510141437
0.894571214005
0.54718710688
0.771675505445
0.0338927377269
0.0
0.0
0.182256004242
0.305224137179
0.650995776089
0.0
0.83159276288
0.150959926138
0.0
0.22185694656
0.24674102185
0.176141917895
0.0
0.829564057042
0.154971129724
1.0
0.955991442451
0.0608447878967
0.272742295849
0.677128404192
0.15882959564
0.246957353261
0.759250110134
0.350439469902
0.128180264715
0.212141259871
0.137251055362
0.418398480266
0.0267137162055
0.0526208555032
1.0
0.0734917477416
0.376953701962
0.568257499922
0.277238409452
0.277461180976
0.252991328731
0.029621278981
0.634119831219
0.372569271303
0.479513219421
0.0
0.526575399147
0.0235743235372
0.441792904286
0.607122403676
0.522931649803
0.0444152957926
0.428770189956
0.548497290121
0.331155961732
0.259599213042
0.194115937457
0.237692777515
0.0321168270892
0.246489116096
0.112008990214
0.60285061924
0.250625859915
0.034179131826
0.352893563247
0.0411567170295
0.771297657338
0.739050036059
0.699379092968
0.0119110443128
0.189978917
0.311028431183
0.0750314080783
0.61725956112
0.0345539381934
0.212416098177
0.295664068457
0.177499841539
0.444879462647
0.105053180293
0.260519958388
0.122510724049
0.00731659687591
0.674665809147
0.0
0.337263247982
0.170745180809
0.281129356052
0.556670661846
0.400321561113
0.18286541841
0.514198708229
0.149150924718
0.164924304822
0.0
0.058350453803
0.100530656124
0.0
0.619468577994
0.347844602849
0.106046710682
0.142551599216
0.0
0.513019155896
0.0344647075362
0.800145968575
0.404081316949
0.900882459377
0.569795698747
0.109332623679
0.125660681544
0.0589707760218
0.347909810758
0.393842168859
0.606836453921
0.0
0.559241102176
0.537074428401
0.168831872273
0.279567409893
0.00909943846605
0.779578408724
0.288929551666
0.409788964446
0.0293796343654
0.27113471479
0.311490933972
0.0563861254665
0.611133251528
0.187702090667
0.244357579585
0.193897861479
0.279759297941
0.117168892535
0.243063644612
0.408881598338
0.247461317878
0.141832713027
1.0
0.21509062341
0.567293917398
0.7274181503
0.444143947935
0.105093899822
0.186532353197
0.0
0.52136449588
0.140826000023
0.461315542273
0.426982790106
0.115512716094
0.941556388277
0.0
0.0609707330517
0.427629639045
0.0
0.649716834761
0.107783392967
0.127131206317
0.16482084681
0.406579859228
0.161455328447
0.164309014857
0.260056112105
0.0
0.175460600943
0.0271737349352
0.638042986009
0.558831053087
1.0
0.781726343339
0.658112482405
0.0393197599868
0.535428987941
0.620939485043
0.15991464456
0.0222613798023
0.558768721962
0.244947561085
0.0
0.0
0.563509942781
0.151594806737
0.682967311501
0.119799088834
0.0306219807045
0.154715357534
0.0
0.0
0.0512016371416
0.0983774330507
0.214945005433
0.391397394306
0.133486718135
0.430642857326
0.23403683983
0.0
0.0848065775379
0.666373479557
0.505284114865
1.0
0.148320037135
1.0
0.258834132731
0.146954290325
0.620221157539
0.0
0.557757122627
0.0388929311495
0.585516197561
0.158104294639
0.97113032645
0.032648007227
0.0
0.0
0.0
0.0
0.323526149454
0.0223705941205
1.0
0.493937059406
0.184291225846
0.756448354211
0.994485937859
0.0
0.70596756168
0.474478508915
0.123084682667
0.161473351218
0.37653482283
0.813035783541
0.0
0.0316180531401
0.140962286587
0.0429276263687
0.0
0.59546471414
0.692913316446
0.178321424323
0.0
0.390399708463
0.443937102471
0.0
0.571832637042
0.134750818455
0.814801574573
0.151672095521
0.612048108732
0.792976738756
0.77212361409
0.0201453874459
0.269190804483
0.0
0.300502354606
0.0943609920773
0.15971613894
0.138219123449
0.00512605781001
0.714185013986
0.0
0.482497460954
0.0
0.251831130212
0.407575053571
0.373383103798
0.0
0.104510849192
0.521411095437
0.0
0.330968736597
0.794573438347
0.281739345205
0.121807384179
0.469122663497
0.333993570397
0.443165962905
0.468547900503
0.372038310158
0.556817601703
0.155498689201
0.320177502127
0.868218105779
0.446890537739
0.13010103263
0.0432910548758
0.957434914594
0.213398847563
0.271676631653
0.144104730707
0.551388726015
0.0481910484622
0.0324448819211
0.80068362868
0.41084871984
0.0159094228383
0.410998793098
0.728782491202
0.144140413828
0.393804560129
0.13502642854
0.601030889947
0.0828197776257
0.953407270901
0.79568033832
0.529568660841
0.697907784079
0.0291244463502
0.0998536382894
0.0
0.309094599255
0.161695077525
0.0
0.117019670877
0.530172365846
0.59522654553
0.519117932363
0.0
0.201427139855
0.800002199497
0.199381556446
0.0196706507421
0.0
0.0
0.66911348601
0.85722128826
0.108200320632
0.017857815862
0.233143617862
0.0945977739035
0.698537844941
0.684110039557
0.442974304212
0.0
0.0
0.62194416534
0.467308181731
0.364904036601
0.0
0.382389945282
0.270720313383
0.053720667424
0.0421002680127
1.0
0.0
0.396437384195
0.0
0.825698241407
0.597041514112
0.543846551606
0.220646427319
0.331412318119
0.481196497848
0.0669898244604
0.046756751271
0.040683415833
0.637633282877
0.204622248789
0.0
0.0421926909229
0.90213156135
0.148361727239
0.147222280308
0.185619945127
0.213761752555
0.599350929256
0.306450074285
0.143643707113
1.0
0.136443061329
0.663766889108
0.333117155284
0.0222437668376
0.721143885323
0.536988611675
0.0417546772909
0.0
0.31066386221
0.609367644834
0.116662205057
0.233871033441
0.0608777496416
1.0
0.0
0.0844039128859
0.420396149438
0.263172052528
0.102645538961
0.0
0.0761021087551
0.34063510507
0.19625311222
0.501885353008
1.0
0.286464728317
0.278802291175
0.0259478227976
0.937190833286
0.0
0.0432101249326
0.886858531264
0.0150848612289
0.11981420629
0.391734076338
0.159047039852
0.536863995531
0.158128135472
0.137528688956
0.313476980015
0.0966084854251
0.105464193872
0.646907391428
0.70299289605
0.228683351904
0.702999078487
0.720488485272
0.448209179964
0.767328037359
0.758788391613
0.538109708391
0.46324356527
0.0
0.0781895650042
0.0298790747577
0.601075771433
0.12488647747
0.316602718297
0.306044415656
0.18629083778
0.0
0.18581576794
0.748053578138
0.130710819972
0.0
0.990702043781
0.629342517827
0.0
0.517156295837
0.163705321743
0.0
0.447640639646
0.0962705292199
0.185625936174
0.303236641877
0.156175430738
0.70966175754
0.0453393996444
0.495669292377
0.63343525084
0.110009447959
0.0
0.179021007301
0.679891274713
0.623606187286
0.350268547925
0.544337522738
0.220839293388
0.0383903455722
0.869679787737
0.0360558736921
0.31146000211
0.197042298603
0.410268825209
0.915960336418
0.454096095869
0.730679236248
0.118476822331
0.0805543692838
0.532144804674
0.616404551799
0.304328775438
0.11917191705
0.0150327416407
0.368127459155
0.119978553779
0.158301598733
0.443864008036
0.691201444944
0.19712873244
0.829008795896
0.629007754148
0.419465989604
0.0165277903045
0.831812462584
0.00864213100587
0.706282881383
0.651078577678
0.390318994529
0.758690779274
0.0
0.0
0.728231383535
0.15358174039
0.127841728292
0.42776683582
0.0
0.585164930156
0.0344865293438
0.521499205155
0.470179887418
0.469613892221
0.150565318645
0.0
0.319853889987
0.431406731436
0.485834629992
0.2878832481
0.66765683107
0.41374795554
0.701625862403
0.359739692595
0.252691061539
0.139699226022
0.0210882911002
0.629682718133
0.401670766262
0.38089073606
0.919904473315
0.33247726704
0.118839875881
0.789198313746
0.291274051826
0.864508899647
0.328440935212
0.24557211797
0.0702438462332
0.337822422968
0.0352835026712
0.425659429052
0.437533671343
0.086758411802
0.617818301102
0.147671714808
0.539005487829
0.0
0.30972296619
0.15738791709
0.4350864256
0.581070402431
0.0688430534682
0.135851789023
0.0824355830009
0.0
0.079704213761
0.176950001126
0.266393505951
0.166320565992
1.0
0.0498413001424
0.0618766966496
0.0435812545397
0.0
0.667727006203
0.0408797290049
0.0312288420864
0.710034246862
0.0276363740271
0.526579761786
0.0730455634702
0.550355463601
0.0
0.186272510111
0.712273999997
0.0345222959089
0.417786809294
0.607407664589
0.439341648615
0.295103293153
0.139152188581
0.537002960572
0.433748530841
0.189876372687
0.341916377534
0.299705892244
0.115769993489
0.0261530686404
0.131968353699
0.648006719796
0.531186436014
0.36225201825
0.474086417975
0.49140901497
0.0322306331351
0.661283064813
0.338061876934
0.14856436548
0.421298186491
0.589867028477
0.263125383202
0.345055438521
0.194633172869
0.0
0.266781663474
0.231247650566
0.303605762129
0.568089508292
0.129961043782
1.0
0.31780752431
0.480679950843
0.770694968025
0.714746341793
0.507261095639
0.370736624078
0.155264149329
0.110833817514
0.587176645294
0.523419443304
1.0
0.899670078436
0.0
0.207074174162
0.861914489478
0.461217677806
0.260754933205
0.158949267592
0.553588619971
0.514481370398
0.545397166837
0.0366414345554
0.491919059029
0.963764724996
0.0
0.177530162132
0.149654971557
0.568692435264
0.444832579549
0.329717474432
0.502171820033
0.0554100963806
0.0
0.0
0.852344931563
0.983760662379
0.0
0.0344124836885
0.474860279318
0.479321660803
0.0476279788441
0.517491337728
0.933048229009
0.0
0.623152159367
0.0695812769933
0.271885386386
0.0247264267275
0.0
0.494023636846
0.606958419285
0.360253460957
0.0581718381793
0.0996590458354
0.0665230697575
0.693825050882
0.0234760664632
0.653270230488
0.0
0.428661167136
0.0
0.843008843813
0.0
0.272049826065
0.212349227366
0.645419571373
0.101531889057
0.329593855042
0.517663994925
0.645492631544
0.0
1.0
0.310429355412
0.0
0.294378008827
0.482485306171
0.0637752639352
0.0
0.0
0.116303333301
0.0
0.223988310865
0.353233573274
0.0
0.0
0.503337344602
0.197702130346
0.115416468983
0.333431963413
0.121152253296
0.622141144396
0.753695382497
0.0
0.436244213871
0.546423980267
0.330435202047
0.555800860835
0.521972515111
0.0
0.404545280559
0.0297295146453
0.369730603195
0.0220197003762
0.390220562604
0.808555159929
0.0
0.69359223739
0.685387422909
0.199035574125
0.0394249905874
0.025017204709
0.0
0.094192537106
0.123729593081
0.0340013365821
0.53927789172
0.440312807252
0.163680277166
0.232999071869
0.494201249383
0.230237761373
0.331194160889
0.210353102823
0.863855832272
0.059050745811
0.0384386190444
0.0199434445698
0.245583854288
0.776336094201
0.0
0.469953766938
0.243016694394
0.0271055504124
0.658368257556
1.0
0.167181048964
0.768264063351
0.0135429595192
0.267658929553
0.38490585002
0.735087458237
0.353653050952
0.116898091113
0.0304154057532
0.0458074008565
0.00407550120058
0.275053394258
0.541037038729
0.704696546778
0.475488388762
0.0120531558335
0.533177583987
0.544276995309
0.200446173941
0.0436002162639
0.195841121906
0.730474696149
0.346265178746
0.380483063477
0.811116572399
0.188018405326
0.657107877945
1.0
0.171403471888
0.0456350363758
0.766749681809
0.0
0.283758607374
0.657398361482
0.0727479045862
0.596278399077
0.778006241281
0.861380297087
0.0705815084475
0.879691936816
0.461148546659
0.332416869208
0.110544967482
0.754143497666
0.71815859277
0.461929829011
0.593750444083
0.467175859726
0.153932833181
0.095297728022
0.506358070056
0.795051102623
0.359116152492
0.0310591073807
0.0
0.399334971255
0.0419301780137
0.476084530092
0.0306266610305
0.647678818702
0.108518298003
0.276911936285
0.170741038137
0.0
0.146765907646
0.4583994814
0.623156679793
0.278795422859
0.168404806015
0.0
0.114033897369
0.0542752043865
0.0869345207607
0.304229091444
0.0
0.294062824097
0.0379816140251
0.145691797453
0.297307187208
0.516400572323
0.230497078418
0.148646760855
0.142389195607
0.196210949154
0.61518655056
0.132661626852
0.741462041993
0.172317735262
0.622653130186
0.0285153654663
0.082175647393
1.0
0.272469899439
0.0
0.0305409199974
0.0
0.49359700181
0.84550604067
0.375566038887
0.0299397189991
0.0258477655842
0.0543426504221
0.0320667170829
0.501660500525
0.10660487742
0.759398029625
0.367933775523
0.190985109224
0.487635445138
0.0815219562912
0.449186368641
0.767603309252
0.0
0.0257957749425
0.0
0.432342809078
0.88302900435
0.586240689327
0.331428644334
0.435060049803
0.177369062175
0.18116857929
0.031191479473
0.523719078072
0.0230424898733
0.708451287296
0.030594386283
0.799590034922
0.0659146321685
0.671557930479
0.279952872054
0.795038895346
0.715362271214
0.286818037407
0.168261587748
0.840030684536
0.445656653254
0.23776807255
0.0
0.157295282584
0.586731455048
0.0
0.682320346985
0.013061059893
0.22881574582
0.543529148922
0.0567966940589
0.115003961305
0.736431664032
0.153278387047
0.314948603803
0.0550880546603
0.39322092014
0.47804687998
0.233960695546
0.0
0.625241745362
0.0
0.694687057816
0.157492545077
0.856023999974
0.137473734469
0.292688584706
0.580694123554
0.333419377045
0.0562173975035
0.477104753536
0.0597952012816
0.803427867737
0.196703008391
0.494922670701
0.711547417347
0.599788997978
0.239570422002
0.0
0.146688802348
0.402367739258
0.189708533232
0.808412853639
0.483265101771
0.140692498935
0.391657492818
0.0621790795629
0.622295163881
0.908828629174
0.295864913142
0.186184332546
0.631863613795
0.503396649376
1.0
0.112391535728
0.353485154072
0.548321766363
0.60395014835
0.137632457003
0.876580654952
0.0516764222326
0.0
0.0
0.493687036444
0.536097272403
0.0317507968339
0.551678577171
0.177752208363
0.355193318695
0.0212047105802
0.356618931381
0.30299203814
0.330805165754
0.102847239615
0.32997223259
0.378898578874
0.165208295259
0.0424654091278
1.0
0.0394385861193
0.12342011224
0.0
0.259924834275
0.807735437923
0.0494294623957
0.38474779256
0.34593413994
0.291289027709
0.118298527741
0.281854279331
0.406505728541
0.130639926377
0.217101754708
0.364934386511
0.0
1.0
0.0997808041365
0.748918310328
0.754553813914
0.0199564803707
0.67162123023
0.361668562165
0.0626325710483
0.118074344456
0.0
0.0450900836815
0.303650514422
0.167826224659
0.0
0.774258000852
0.0
0.595502175466
0.032858159615
0.0
0.0
0.438391682931
0.0334589945111
0.946251346691
0.284052603798
0.228835217645
0.329568677009
0.0270469286698
0.63698613984
0.237351551726
0.0545862675947
0.337357288676
0.268261825545
0.763555228115
0.727676540345
0.515139201065
0.514511586593
0.0248047294179
0.0
0.0260879773487
0.0
0.0322062199548
0.227089657631
0.416254819878
0.107461472194
0.133763241101
0.0259994742345
0.0
0.326807145992
0.287046498381
0.122947830585
0.302215194623
0.426657361021
0.0
0.186165081744
0.669331056496
0.0
0.634374384986
0.0543130898545
0.738403679349
0.181994658147
0.0234223507021
0.104257256394
0.610040753802
0.549568896879
0.59253578178
0.0
0.477569207023
0.75148710514
0.282692457184
0.678184208651
0.0
0.0
0.244180605515
0.440393925478
0.204713382594
0.159343163796
0.235935362461
0.0832107782684
0.405694053183
0.0
0.263635689608
0.0583383929288
0.402044365251
0.0
0.620193073602
0.0297898912467
0.517310858217
0.318501140049
0.180800369882
0.567887237544
0.0275282205354
0.0625675385008
0.158863261015
0.572491799337
0.431761079805
0.382008823646
0.178503056037
0.0
0.0
0.0
0.209027090763
0.195985101377
0.190085454026
0.327743773184
1.0
0.15020241666
0.645206893624
0.537683432272
0.0464300635338
0.892568068208
0.0
0.53116154458
0.278438185035
0.0709437684711
0.437844299546
0.677107708681
0.1301371594
0.220168644162
0.0
0.524448643623
0.158737622893
0.200836642853
0.611370601323
0.902934847849
0.0437839882579
0.556728955179
0.492436080462
0.253928924904
0.0931108561501
0.549702405386
0.591415100947
0.0455889087607
0.609162157201
0.0437795807923
0.35863053474
0.574940935111
0.402324058905
0.270310800782
0.441306494791
0.490991886311
0.307100481576
0.0
0.0709000695854
0.537428317576
0.328305059259
0.272548354466
0.0646985386748
0.437807602197
0.306922481033
0.255808611733
0.579784807009
0.0301395521642
0.612883195575
0.131493511948
0.0260034160947
0.0
0.194525405562
0.426296947478
0.356529637048
0.340055909837
0.867124275105
0.465123872961
0.414156314835
0.143876514282
0.0
0.548357373
0.156488547239
0.0
0.155850239545
0.606991035874
0.0371378035187
0.269587050837
0.201845351324
0.33886521364
0.0
0.0
0.992768552402
0.0526420060621
0.10311066153
0.262357940928
0.246082982247
0.974417430266
0.325670106211
0.0246443926693
0.779872745858
1.0
0.15214154028
0.052723622722
0.362171976622
0.0
0.654958981316
0.12820593762
0.502528620901
0.396921758641
0.0812357775765
0.192690289041
0.015298245502
0.0619506313416
0.221051990039
0.324184123434
0.329561650934
0.595085373383
0.351562354343
0.0
0.332264322147
0.0252259840468
0.0
0.918158124497
0.503929019338
0.215072579766
0.0452223666414
0.853581831113
0.160930931455
0.540004928654
0.0
0.0
0.0
0.796192744608
0.0287177771993
0.798813012222
0.0
0.233601522792
0.173800806411
0.030333427713
0.651120603694
0.0
0.277050218375
0.641696808781
0.362668599935
0.0
0.158387095577
0.195197661012
0.549240548398
0.0
0.260708721592
0.641205649925
0.0215421179892
0.781817707247
0.0793374322744
0.862156706896
0.531534730028
0.137110211922
0.316673856324
0.14342722339
0.217912120271
0.0917118919201
0.167347620223
0.248198738329
0.10395248641
0.201413028923
0.156481613355
0.0
0.543742242504
0.100217367827
0.187266097532
0.00159431420832
0.742806545476
0.449680065275
0.336913261462
0.0849202495489
0.0
0.548390422612
0.0
0.0618348076508
0.379381826561
0.818283971082
0.119486033977
0.0
0.30725838962
0.1431249804
0.478088979572
0.590121050151
0.410418775434
0.0
0.617368676275
0.750242919548
0.448763633722
0.0517483194488
0.0269650895036
0.166538767042
0.518870691191
0.131638295591
0.79304720717
0.0
0.471680933087
0.330179300621
0.819540036837
0.169881690844
0.166743528785
0.799852489304
0.56223404391
0.682504324285
0.0
0.691047380978
0.049461297176
0.409945010804
0.124355629412
0.0619133298384
0.199785598336
0.382357048313
0.0233694888138
0.130316465051
0.75541935359
0.0341840665955
0.11507947195
0.710949601393
0.0
0.292780203469
0.0396954839192
0.0
0.101179520599
0.121797925352
0.108466998835
0.184712905092
0.0
0.0320778129524
0.0
0.0417912835743
0.291743945255
0.288153592115
0.587697771334
0.125677606893
0.787325187283
0.753984321338
0.421234981779
0.273546214485
0.489160499119
0.432737914744
0.102455953793
0.71595079614
0.0
0.735586999751
0.376612231202
0.309709943625
0.667901646187
0.527706931026
1.0
0.792931620254
0.124981119201
0.0185478669842
0.0692040064558
0.172536473247
0.511088884564
0.0561581819954
0.068681614806
0.22188160716
0.342959791435
0.0
0.677852780408
0.203710932696
0.108043409672
0.0202148815765
0.668723183518
0.0
0.00480169974913
0.418852772319
0.111207847407
0.353048789653
0.135547383244
0.272383465481
0.487600795453
0.658644701121
0.0414952650361
0.779646590595
0.101406258153
0.321067982925
0.543515233092
0.097810049899
0.117620559856
0.374071775909
0.30423509932
0.17271854396
0.0
0.0
0.0
0.620738419597
0.957509024957
0.805996291846
0.0348114478532
0.260582640762
0.414458654393
0.394810654205
0.313034324088
0.533067661332
0.0799249329186
0.0
0.0684803679973
0.109422796078
0.498792075562
0.38601448434
0.996417816844
0.0
0.127497452985
0.330863637433
0.13685595984
0.0
0.271057646682
0.47493779081
0.550783683115
0.126042900263
0.935385486739
0.369450719255
0.480240880484
0.0515875406677
0.453699934296
0.558320772569
0.0300402292558
0.456460762776
0.22352607977
0.315401452354
0.0
0.206743154113
0.6211811086
0.392042077064
0.437773778333
0.0177622065153
0.0452627665532
0.366661417083
0.514184275272
0.749169241834
0.151945448579
0.0
0.0
0.217861122617
0.115563615958
0.0707378921836
0.367761385496
0.423765894346
0.0
0.144391764153
0.218331238791
0.0227814289627
0.700890992326
0.991211851834
0.223439824318
0.0
0.239219303583
0.173687600059
0.707165735036
0.142102659887
0.314404483852
0.451451293237
0.269108651511
0.050574454068
0.582844997835
0.409372752177
0.108940971824
0.123460842711
0.0
0.0343901746992
0.0442696606063
0.0358671065205
0.572708301927
0.677739599445
0.485100574246
0.215288378542
1.0
0.316749221347
0.141841837725
0.52976109937
0.975363946433
0.0
0.0
0.471377664262
0.0
0.0
0.0
0.672412749453
0.0
0.345907112156
0.763597969898
0.15790110597
0.641560878487
0.37205051233
0.0369231797109
0.0
0.315243961426
0.0398544120679
0.137711800119
0.709719378449
0.286330949086
0.586787919639
0.110702959713
0.0
0.161047324769
0.504057637335
0.0485940812909
0.17433963901
0.602149321929
1.0
0.212216180128
0.0
0.240930258233
0.155254409271
0.169201194767
0.251956357587
0.379794326161
0.269869796919
0.656089903072
0.318150091736
0.752586593551
0.0
0.547158522251
0.674633620168
0.369562184391
0.140583769514
0.227351978286
0.108209530408
0.20953113068
0.851544595501
1.0
0.0
0.983158280064
0.94404220516
0.582866568267
0.534710936388
0.617646552929
0.827515888968
0.321193959271
0.259412109961
0.635926117097
0.368775177037
0.397647210516
0.0
0.176836774728
0.335973322849
0.326572837838
0.186781068943
0.556274462568
0.514890380809
0.615514184386
0.0
1.0
0.0
0.662966838568
0.262759182141
0.0631431920993
0.149912380951
0.0736683347684
0.0318388581348
0.232221211274
0.0
0.6073815126
0.669607566033
0.41329701458
0.0403466166164
0.451023228281
0.0911387272437
1.0
0.76117320069
0.0645494621849
0.544486948772
0.112496044824
0.492829526009
0.32059345586
0.552726334695
0.462186199361
0.515600836559
0.808240065187
0.362831501897
0.195380387157
0.294503705805
0.0222311634324
0.146811484874
1.0
0.0
0.65036715221
0.300604957479
0.080434794458
0.114494277783
0.491575208918
0.0277369976565
0.163832038944
0.462188968284
0.14382076819
0.198129822911
0.0
0.0
0.80123896204
0.0310625853216
0.0
0.425317987711
0.575137270877
0.0
0.758906237038
0.489201846979
0.388603360798
0.118298527741
0.360262880705
1.0
0.159898259939
0.0856424400752
0.171029393723
0.236874392116
0.518127929257
0.20707642831
0.522589783061
0.431946552241
0.0632802618955
0.516805179633
0.0362414144896
0.262354172752
0.219527621983
0.0795825680865
0.0330108396612
0.524821734853
0.129073341695
0.312199950037
0.132952451423
0.0347511324435
0.679453520876
0.281343066275
0.351653856734
0.549918061163
0.0152806757669
0.399884709397
0.0
0.763622409106
0.130125965556
0.0458214450599
0.126358649007
0.0
0.827103548137
0.143484426458
0.107662900733
0.800607119159
0.0799974684499
0.627351963444
0.519744969374
0.260539580019
0.0916983976129
0.426964326276
0.138135400115
0.220769021804
0.624147116852
0.0568480369749
0.0559750182522
0.0
0.996110914704
0.240492992705
0.72150358925
0.633146698768
0.325193875074
0.0786754563068
0.13675582259
0.0214477165662
0.264481478929
0.0299023410468
0.0
0.0
0.0737581924041
0.0
0.613650877913
0.438152328318
0.524077348903
0.789205820705
0.247268879968
0.612197795017
0.0
0.50713883862
0.123474932632
0.0834568066274
0.923607502782
0.0
0.906539967003
0.0
0.204827860499
0.406725610871
0.0
0.0387164721405
0.219282329992
0.157931914105
0.121396751964
0.132825829417
0.344958392886
0.0
0.106730024737
0.0
0.0
0.0
0.227164336129
0.10283495767
0.0713719975783
0.444155598821
0.0
0.818249846228
0.0182191335416
0.125660553287
0.0
0.796939349457
0.202858287694
0.077035984619
0.115512716094
0.169964810441
0.798329380556
0.340115168984
0.0
0.442067613528
0.0
0.228023332965
0.0
0.181469298877
0.0714591402586
0.471732145253
0.502852545038
0.310055662625
0.781727788396
0.130526885736
0.288407781194
0.84704078832
0.465314558346
0.0
0.69206441663
0.479076871484
0.758700999298
0.133377142302
0.116227737097
0.0228481982704
0.0703334584977
0.464161337848
0.0318365737071
0.617922949274
0.490102036282
0.0853205238689
0.330144150123
0.534844455308
0.152440613512
0.433800473859
0.510336042496
0.177908018647
0.443079897452
0.359661327541
0.148698590023
0.342277244894
0.119321939456
0.763402277375
0.271963239423
0.416222098548
0.319920647289
0.0
0.0
0.156810198498
0.645824851381
0.0267937150873
0.698474035509
0.0
0.573987970161
0.628677948838
0.128628009459
0.0505934640074
0.0830849569209
0.2330697649
0.675633303161
0.0
0.0203053749008
0.854976801182
0.0275703991848
0.0
0.0
0.45255080705
0.123690166125
0.441562653864
0.063563334352
0.169688833723
0.0
0.497257080324
0.137116672726
0.469511037632
0.427059459278
0.0
0.341833100459
0.752785350011
0.162065513506
0.0694881708015
0.197918447968
0.0565649255542
0.305625534973
0.762221109898
0.297258914175
0.109332623679
0.235656376701
0.0282600856921
0.300989430779
0.141987295549
0.0
0.0
0.0
0.277700819412
0.226383307558
0.13708762371
0.445164319638
0.821862488371
0.300198039433
0.210384147232
0.255883911812
0.548216930959
0.0344649891994
0.033800574987
0.131008438687
0.117236253295
0.430852359722
0.449201276847
1.0
0.0923000003287
0.0695139160662
0.686974684088
0.317513356175
0.606654040316
0.0900401433465
0.523637172248
0.867018934742
0.43663397519
0.0325121538291
0.423925020037
0.653615715489
0.534951002806
0.397750275711
0.149401108079
0.365021674478
0.868193492953
0.59132242127
0.44064201692
0.537611832402
0.135391005802
0.0535930506339
0.071402546645
0.122453569208
0.0
0.0234403200372
0.507790488365
0.0517543083423
0.0654753940191
0.0
0.351466159802
0.180205638916
0.0
0.0
0.584565951198
0.385079312789
0.0269948961474
0.760399690622
0.143643529409
0.0217139259868
0.106772926464
0.506364809532
0.814467186461
0.0
0.0
0.0442724986652
0.921359196498
0.0211016331902
0.166141353406
0.252069301528
0.574217874609
0.387572206964
0.22506030251
0.0
0.565456257083
0.0287157138592
0.0195731745428
0.0469683961475
0.810575077357
0.0
0.79080087248
0.132806363229
0.0546321908248
0.250562158393
0.0240018523567
0.183911426959
0.0
0.518037665053
0.0
0.0
0.728989544877
0.668373690681
1.0
0.0
0.0
0.581090371962
1.0
0.366063695786
0.231215507593
0.518705594079
0.0308785543085
0.102435618284
0.159344358744
0.0
0.0803017756422
0.649488613186
0.0
0.442776623527
0.474333848598
0.10649258489
0.110485641953
0.157101260056
0.00524370016045
0.0
0.302392467044
0.132934493566
0.407866268281
0.73423042378
0.521048489815
0.818225224689
0.0943312478991
1.0
0.0
0.440778646911
0.534768579647
0.12074060968
0.0
0.128681965203
0.58030329253
0.106943272636
0.29142673374
0.635449216394
0.732762849122
0.449608465268
0.40216421264
0.173614777749
0.258943267628
0.0619890084139
0.573104058856
0.128099723464
0.0
0.140814698034
0.110682035913
0.461369926035
0.375713089367
0.260029135734
0.175296893391
0.596492464134
0.550581591213
0.113565610535
0.118011448071
0.520457194319
0.696265416676
0.670360130333
0.789317218975
0.0
0.625501621385
0.0
0.772908443917
0.422105096022
0.127253178232
0.288434361912
0.958898969081
0.888061672507
0.651062113959
0.432914672196
0.818605286915
0.568020438422
0.0321569766226
0.0125129568482
0.106966664255
0.0900732809356
0.254213816341
0.485104945047
0.0
0.543977885049
0.25362355027
0.676193777973
0.594501791157
0.0893606380778
0.114075514706
0.0
0.130293894768
0.446884061917
0.0661727735302
0.526917189293
0.90606744347
0.273650839001
0.435894733371
0.0916651302572
0.491901541219
0.0739258491453
0.276702147156
0.0667764414328
0.0643478843081
0.435901033749
0.531930664179
0.322233932955
0.743949738881
0.0
0.0
0.0
0.72585853845
0.595892203053
0.203276740924
1.0
0.375097427829
0.0
0.365260335789
0.396379587342
0.688660643259
0.0
0.261108369962
0.621765362865
0.615903113867
0.0520071030832
0.673470240765
0.0412497458867
0.154721570849
0.634082609979
0.026149963215
0.0
0.438390840832
0.281749255418
0.0857081906735
0.582015792413
0.404679381221
0.113370867176
0.737537668258
0.434497557497
0.484346989778
0.0
0.212891817486
0.147866229289
0.834766930873
0.278661217169
0.590584576094
0.18011315052
0.387707799021
0.0
0.0
0.399349328929
0.737855965623
0.950551418581
0.581836446168
0.575499415407
0.0
0.0357609010983
0.533850437235
0.104827093993
0.0
0.0
0.0253981673313
0.10285094922
0.151821765792
0.0
0.0
0.0
0.0316187319768
0.137745440919
0.400205219738
0.0942612716692
0.0169482508939
0.0677555960461
0.145263539625
0.424004797914
0.204674492192
0.545224218437
0.113330447808
0.0
0.443282091323
0.215378054104
0.0
1.0
0.564408219081
0.123477059294
0.505609141105
0.402167698259
0.580138809344
0.031442073838
0.20606324945
0.507112136865
0.0410864754662
0.248550498017
0.230200494196
0.366594211452
0.551492167882
0.120785462429
0.458643048484
0.136172498219
0.0472433671432
0.814497373166
0.606098156386
0.334519028986
0.61815517523
0.459352092992
0.0
0.302694948364
0.031230448492
0.0512236752923
0.158494317354
0.249966581473
0.02210471961
0.610280173616
0.290282321622
0.263536623877
0.974205166503
0.0
0.0250327409079
0.0369881459629
0.663154879762
0.121967365512
0.391421089632
0.443769265589
0.0623278891458
0.539286694856
0.056061870228
0.0212285455926
0.111599717814
0.467067061416
0.0
0.722379141446
0.0565970580978
0.684564642947
1.0
0.691360957141
0.47588039243
0.154153394868
0.0148490531872
0.569669592699
0.0
0.472967436819
0.297599837809
0.0
0.0
0.117136412732
0.257275908358
0.389692512174
0.0
0.762202509462
0.436381464076
0.0
0.772888930893
0.0231322151629
0.250522037069
0.467316593355
0.241435045279
1.0
0.524973603777
0.607439852175
0.464864921293
0.765113723388
0.0762394237929
0.421224244439
0.392902763175
0.129930428047
0.822479491981
0.188460696322
0.195820016315
0.0
0.71348885466
0.467649378604
0.0
0.0355856228852
0.300775642212
0.0450316370919
0.677907214446
0.0
0.422040975747
0.731573646536
0.64750188876
0.42172402198
0.0
0.622222661521
0.0
0.628187912789
0.0100656891304
0.209055954154
0.138095266598
0.0513093687922
0.353517203129
0.0318944467375
0.34092487518
0.120635611045
0.393206438168
0.669549085226
0.319252486688
0.3398673428
0.100072903454
0.0
0.174616426814
0.0529801581439
0.000516188569772
0.0225650415489
0.106260326449
0.266426863968
0.0329524389216
0.0311741518784
0.0
0.104217978369
0.488818205303
0.0364268649103
0.654272854207
0.506946777703
0.138483392567
0.341781790383
0.539575644569
0.125275322335
0.00782004899813
0.103363366377
0.711917440055
0.274795439547
0.272285140338
0.0546750466215
0.143785927073
0.125583918906
0.374218611934
0.220820068486
0.488110367626
0.041424520641
0.286759939317
0.0
0.234613070659
0.502897372088
0.0451550947291
0.533909015518
0.411084475443
0.428424952851
0.0
0.242209581584
0.555271081758
0.315906071352
0.282695772899
0.385364917376
0.252203876098
0.47356654006
0.371440644577
0.471016857931
0.481712447194
0.447734371675
0.030061514878
0.613845682193
0.416059703054
0.607246136254
0.0
0.579133842359
0.0305098399297
0.345848768974
0.0440572513824
0.0
0.556160256013
0.455176090633
0.157377601273
0.143874834282
0.165734212263
0.765557322226
0.0274309823483
0.24072068968
0.0
0.0300883832607
0.439174224581
0.386002656367
0.0402465129892
0.157449921903
0.255514262044
0.785171695789
0.654141265041
0.603731109198
0.051459298886
0.331949303902
0.0566501652448
0.536933353158
0.0
0.441827536939
0.0
0.0675026099108
0.0456005172889
0.757053592161
0.163933251315
0.146997115877
0.518107988977
0.0522503497196
0.365065074803
0.234364697941
0.119956824869
0.217082782802
0.439772245598
0.143050537859
0.0
0.646908226606
0.145621587071
0.46937320256
0.302397854327
0.339485084231
0.0890180764271
0.467722546686
0.678100822037
0.0971553493421
0.108879765086
0.023089048357
0.490415616295
0.918384541903
0.96910051913
0.25490380174
0.158036722965
0.174474663128
0.608759554692
0.0
0.0283852305744
0.0
0.0
1.0
0.861988705377
0.466819896969
0.131751518284
0.0
0.31306852493
0.274143014457
0.375857236053
0.517475338219
0.141379033465
0.283710397721
0.580185912093
0.0
0.284147318621
0.1416699978
0.0
0.0275789531131
0.447399789549
0.107318048371
0.129079599297
0.547612526735
0.0
0.56636502327
0.402278565912
0.0285825189093
0.320738281757
0.0523689563413
0.0
0.235617139508
0.697880057882
0.0
0.447507147808
0.0
0.166270468172
0.961508307115
0.686782985013
0.117033293697
0.436922509668
0.47877991565
0.651110507319
0.0571685232896
0.400021395718
0.00768808224727
0.598837688487
0.0
0.753663389231
0.0755203887112
0.180069152891
0.0136677364207
0.139025653257
0.216770937784
0.247134198535
0.58203550601
0.0
0.3712539707
0.0
0.48454262494
0.0508709369706
0.597055346543
0.115352377555
0.0
0.00641221360101
0.199198072754
0.0
0.0
0.685211337944
0.167894894622
0.0496377968793
0.168629348243
0.049378096343
0.192551199641
0.474131582525
0.0
0.0
0.0252669260793
0.458373424781
0.624196171254
0.593065677119
0.152342572335
0.0939520441387
0.129328433008
0.116303333301
0.140114946395
0.572991448497
0.758088094118
0.228073788736
0.0
0.411012897362
0.0
0.0
0.519235774078
0.480697682173
0.687584996063
0.809388325241
0.0513351426288
0.629140673889
0.595345551523
0.16217334283
0.787414657855
0.48829216955
0.273168436333
0.778641263527
0.0
0.457299810497
0.0920430826741
0.151492897396
0.67292152284
0.309603408487
0.405394970756
0.158359281643
0.117316060468
0.757807504894
0.0
0.406369369385
0.58154540775
0.40191124747
0.0522579511918
0.764473170592
0.396074186898
0.198275720058
0.433928763522
0.496738620297
0.998337334455
0.522754394872
0.0547842235013
0.112172051526
0.0641361033488
0.00926588850207
0.777817330539
0.0294218242365
0.277429200791
0.183727014247
0.0406858576134
0.418073629455
0.339061719048
0.118226941665
0.109666241888
0.0591440887287
0.0933011703291
0.142637649465
0.168729467613
0.446068188197
0.210221743107
0.745517304179
0.84845957735
1.0
0.314669386426
0.0533848015558
0.580204958991
0.199723227629
0.559275935708
0.452813052194
0.0582821446541
0.146729622462
0.384262360378
0.341105501358
0.715349118143
0.680197614088
0.480520555917
0.642004496627
0.0255543576936
0.298523666616
0.412449262927
0.127548694479
0.591771904308
0.0
0.0167094889787
0.343269081925
0.195669255897
0.975344295446
0.400764303331
0.145620926001
0.0438141130821
0.16463764747
0.441554153225
0.197593723596
0.853739116071
0.0332761199834
0.0182775577928
0.438750076404
0.475878579901
0.153588019156
0.627951934904
0.603013183201
0.167297611691
0.606310667779
0.217797312763
0.14615896689
0.197843234484
0.134704151349
0.546358248394
0.179232155865
0.0218934972517
0.643395952229
0.0
0.435641266633
0.499174875302
0.0
0.233881449737
0.28356345492
0.499161057364
0.171499937142
0.0443398725255
0.350098032778
0.214185689986
0.0
0.128836807365
0.0349557632994
0.0350512540318
0.469301502288
0.0646314010715
0.47972109993
0.0319014220624
0.0363941707527
1.0
0.0674002483044
0.0370770862002
0.494722338051
0.165907391068
0.176584430446
0.36143836371
0.596825901144
0.0
0.314598457889
0.0
0.0396887863519
0.313882766831
0.339943369195
0.708153257446
0.38049335875
0.351048581653
0.529236395444
0.620637359266
0.340623999189
0.0747975351457
0.382860084371
0.198533529591
0.152315553388
0.540386234962
0.0425193866458
0.112899849848
0.035931308216
0.388461644322
0.405364452427
0.0477109788643
0.419825338499
0.100552253002
0.137390225369
0.389149581002
0.109707169011
0.261883994478
0.069596524283
0.778000649014
0.608808000188
0.504213408578
0.0277739396734
0.255548932828
0.240971386873
0.188353420415
0.11811505589
0.266768309743
0.112973542179
0.0
0.0451367680631
0.0
0.554763860576
0.156164530029
0.22195723516
0.417888905833
0.23087074202
0.504731710102
0.137162207643
0.232293362244
0.0561875776276
0.199847149641
0.0
0.153669832865
0.0638973662462
0.700805734362
0.0
0.0227962441356
0.0578801505158
0.285544352401
0.0
0.0893482673181
0.441143111753
0.678780096889
0.754125835374
0.0258144726473
0.655908021358
0.330901975645
0.0
0.122659438209
0.24403413737
0.492764649502
0.138430641955
0.128364836506
0.0526873968391
0.197878927644
0.169740071916
0.401246710426
0.0211987735891
0.1287803552
0.0
0.349909447452
0.0
0.425411354099
0.0360097962635
0.0
0.38479374587
0.0
0.282755780026
0.247217776744
0.0
0.102787286536
0.768240978105
0.321720090952
0.0
0.543874319767
0.658524040575
0.0207115235936
0.10722677705
0.0
0.0446990184823
0.732547148241
0.201782929647
0.0
0.365118310092
0.566845518811
0.0
0.944953023828
0.145167405488
0.64548768308
0.0389125013172
0.100541751306
0.0889521382118
0.495561401046
0.288183163005
0.534578201272
0.0
0.300320246519
0.0
0.101912887982
0.849464741343
0.209714740193
0.441075107592
0.465883584338
0.582188302848
0.528393051929
0.231373470488
0.314269990773
0.192244602146
0.378130246209
0.0154609211641
0.792479498525
0.357577797774
0.276581533039
0.0341679580718
0.368939558745
0.210434712897
0.318165920823
0.482089576936
0.0198822632876
0.206734073307
0.0503310080807
0.305304640996
0.0442372438856
0.0385617087982
0.313635433742
0.592936951768
0.204817056028
0.32814149092
0.982128983133
0.456770707239
0.836376950656
0.0184753762884
0.423816185297
0.701347098792
0.989067265288
0.541992465454
0.285412314593
0.539085447933
0.51445222915
0.220044244029
0.0
0.0
0.39363583831
0.0143717082508
0.290733815306
0.0
0.188467085466
0.376970572288
0.026094249732
0.0845453653038
0.458252150324
0.146660461729
0.0998231447286
0.15148805652
0.528268259767
0.241604139154
0.0
0.269285508293
0.363169820615
0.0233185180891
0.186579256392
0.0610461558433
0.605052783268
0.526057721105
0.0
0.453084682803
0.0
0.333240312358
0.541459796292
0.0
0.593251435142
0.107296702272
0.154227823801
0.742908953615
0.223316512861
0.104442478235
0.7499846305
0.255564503008
0.0
0.238803505899
0.115063095461
0.0910653219741
0.281282830409
0.541233450286
0.730492203608
0.127634234613
0.502471749924
0.473543185643
0.275784398639
0.0562659151191
0.609393458933
0.108766925595
0.0591127786069
0.0
0.30690164689
0.216967986622
0.997642574295
0.325012190558
0.56625026866
0.628182147149
0.433030810354
0.670227197798
0.188313477969
0.349947417886
0.0
0.149093942522
0.0
0.220729756878
0.122466092099
0.110186213044
0.0
0.235124320939
0.96949694
0.469766592841
0.0
0.957985299454
0.459514460032
0.227240944835
0.22127890606
0.176780628493
0.0
0.532270361657
0.0845196512279
1.0
0.744304014213
0.0581749454024
0.740072008172
0.0
0.628407321862
0.0583558849559
0.313142306217
0.270887194714
0.320358837762
0.0394528737634
0.0245337145515
0.857067319455
0.21503080051
0.0
0.362103535035
0.282495534183
0.0
0.0
0.376278475084
0.0
0.646015411382
0.797858137932
0.175925125676
0.617176209707
0.0
0.0469840477669
0.0458934433336
0.0
0.710725394061
0.117881520564
0.755996161172
0.154429153633
0.0288798465302
0.07633549288
0.0
0.753489660329
0.0124168411938
0.817528405465
0.0462730017939
0.645379273785
0.405427323461
0.136713472074
0.470352397411
0.305463512093
0.0
0.515902300681
0.0
0.335344241052
0.219818746761
0.159741544912
0.336565187579
0.436871725072
0.329143164323
0.0
0.767213912033
0.0
0.054822299092
0.0290684774371
0.338517588178
0.0
0.400549637634
0.740771267342
0.218020919131
0.671697512084
0.0347617608922
0.0
0.215926815918
0.0
0.483392093383
0.702392387896
0.642722398089
0.622893627624
0.260920961686
0.17038528226
0.314402888195
0.035284867232
0.383817015946
0.410536134418
0.0
0.435026987258
0.128959796353
0.352111719997
0.911446545506
0.0535701950441
0.126046468854
0.0
0.685288475521
0.584360867755
0.300039102486
0.0912075599155
0.0528992658574
0.033233946937
0.028508183465
0.0
0.0436686176839
0.34030521483
0.163568751662
0.0
0.420806969362
0.779327370568
0.265401397633
0.0
0.211732209027
0.694221586053
0.724589639533
0.972446815372
0.159545687734
0.690404353002
0.696689176337
0.155045881053
0.0
0.116332501808
0.151090207155
0.279799990808
0.589033078032
0.959403785103
0.02326862822
0.0
0.444143184051
0.644792336748
0.235647806606
0.164884730698
0.760081738319
0.699599448484
0.220198232318
0.153562713185
0.0464624245935
0.32792092836
0.298642067457
1.0
0.134997539523
0.536956128211
0.156112670266
0.473768744209
0.613931219536
0.268573969043
0.234280076797
0.430626929887
0.0728713420493
0.0849364941473
0.03178359921
0.0
0.00389265515775
0.0
0.00426630652258
0.16641519123
0.730194505125
0.724321991525
0.0
0.085203035223
0.162255849092
0.32774370838
0.378835841084
0.887918035984
0.164550816808
0.0
0.390819486624
0.0
0.0
0.548885504602
0.653091144373
0.03385761727
0.0
0.306511233662
0.423055207999
0.903402280164
0.199915316849
0.0307380961314
0.168389992859
0.116475586183
0.26495537487
0.0313048323984
0.358696373852
0.0390803025113
0.503728266504
0.0
0.170006997275
0.269549767425
0.468493394986
0.0391565535967
0.123884213557
0.254641071312
0.281312690667
0.0692756324515
0.204460402365
0.496370772698
1.0
0.0155129716825
0.0
0.688444184829
0.82088520296
0.0398313762879
0.292122656012
0.178648388703
0.201544531846
0.330510200115
0.313226896746
0.628517657853
0.073718595273
0.0
0.12720922905
0.46116886978
0.0
0.0
0.314116447123
0.598417556123
0.136880052024
0.763067150494
0.120987226729
0.423524969858
0.0
0.405055518492
0.13108034396
0.695387929793
0.107975746271
0.449723190557
0.231558692832
0.813158078939
0.0
0.750776706573
0.438391360077
0.470955562226
0.33304633401
0.7792519281
0.527405373079
0.621589921356
0.0
0.305599158809
0.142400872647
0.150615529725
0.328362893409
0.0
0.0
0.273345880459
0.578590022616
0.541138066647
0.455918670777
0.417899992649
0.13031295548
0.676195336009
0.778312793249
0.553905903912
0.362756550077
0.321660787241
0.636664790915
0.638749512253
0.0
0.0224296164394
0.267246373874
0.982245106945
0.376324984384
0.0
0.475556300349
0.482295153726
0.0
0.0
0.834171303379
0.48516346578
0.312085182856
0.0416043904033
0.0
0.0154280553385
0.432547682301
0.296724053877
0.155590227777
0.113982161096
0.276270216578
0.0465989305563
0.0
0.131869056055
0.316909313571
0.048432753501
0.0650582489415
0.864073115712
0.30700746217
0.167967290216
0.0
0.847886212984
0.665602263858
0.392150953822
0.721818216167
0.38558503171
0.168450234635
0.703903786158
0.126498391225
0.147995741734
0.253796965009
0.201998462576
0.0
0.678730743907
0.279238178115
0.908800420239
0.0
0.0
0.168527837376
0.0
0.252387954103
0.0
0.171855002793
0.466940373406
0.031908231775
0.242674796423
0.908240715668
0.105268344639
0.59839232613
0.411189719817
0.467268456989
0.362822273196
0.863027887355
0.405109022755
0.174132778976
0.291703266185
0.624393884625
0.28733045101
0.45553137852
0.281960590516
0.542431618073
0.0795899996368
0.571382961589
0.0280659824903
0.119003722678
0.616804233869
0.403045510297
0.413792373915
0.260800370574
0.519254924719
0.60637165713
0.45119044158
0.649128558712
0.109241921576
0.0
0.0
0.413258875491
0.776161225289
0.162085619471
0.465262619304
0.567915078405
0.89226291205
0.71292777485
0.313252012248
0.864329846953
0.0676518860166
0.0
0.41910786151
0.0756030445543
0.40875009051
0.298925746672
0.0
0.0917808104004
0.0697029762334
0.621246165538
0.852542506851
0.533373739698
0.272854377041
0.44341303332
0.13556321944
0.564059843706
0.0
0.0947559232879
0.613401102033
0.100387022311
0.238180279079
0.85894477032
0.626687273848
0.474508560805
0.43509894814
0.0
0.218771894349
0.609815437112
0.109831708567
0.457454909988
0.84938286357
0.354079430048
0.901716573161
0.0
0.418873937252
0.977311259685
0.0
0.666957564456
0.273801384219
0.0
0.1877961964
0.404738521524
0.0473724682779
0.0206331105285
0.0
0.469909406504
0.743275520353
0.347485124363
0.0
0.342653934352
0.320905467543
0.0
0.113500444185
0.279009563954
0.34944278076
0.24711603245
0.406093159676
0.941432177516
0.297387249976
0.325121605418
0.159760424226
0.310297457229
0.261958163241
0.675712466708
1.0
0.138876082384
0.63446484939
0.0610752072361
0.0866350333393
0.328784516876
0.497561349008
0.0
0.011522302719
0.542114079761
0.969515760526
0.0150880578646
0.0
0.423102160958
0.327136125816
0.525710741241
0.692650481443
0.893394487676
0.602386597785
0.829348696648
0.491874970338
0.775316823221
0.0
0.840986077331
0.134307879757
0.458015497181
0.0
0.0
0.476703688318
0.0275664298541
1.0
0.0503845489475
0.169713490688
0.187037970781
0.0
0.725235231456
0.192260254234
0.178499788581
0.0
0.0
0.0
0.468390143062
0.814215323469
0.700908864573
0.0423685613726
0.319891848826
0.0
0.345188057108
0.324448557616
0.0
0.370036384727
0.285141243266
0.346679081163
0.640332145523
0.446613328841
0.107936656506
0.439251018695
0.0480791406029
0.180317909363
0.468701843633
0.11981420629
0.734379635926
0.274524959865
0.190757232799
0.0
0.556364487394
0.302762359889
0.0715618125996
