0.0
0.559696851634
0.379562539936
0.0
0.0
0.106046710682
0.0
0.536694413216
0.0
0.291473393696
0.0
0.334482768227
0.118992097681
0.124693095642
0.101977741911
0.047446101826
0.0950820087171
0.319061168696
0.0162654308001
0.334190455889
0.378479381443
0.25124443283
0.119486033977
0.377759724784
0.0
0.709389071576
0.0
0.249192446621
0.0679828316784
0.327261163792
0.810646892191
0.500516185456
0.0
0.0
0.484118965897
0.357849676172
0.504041971777
0.340713704207
0.0
0.786010219448
0.524538907274
0.610351967932
0.620510238276
0.483276975922
0.276619731455
0.311965773757
0.15683601038
0.547061374194
0.341801427235
0.613669590415
0.0344387913055
0.425098236647
0.129638421662
0.138005028512
0.0
0.436294258853
0.511875961712
0.464952503752
0.48312687428
0.633273887621
0.246697203642
0.90293868951
0.659543325379
0.0336629983093
0.568444064297
0.48180612428
0.160075924297
0.135395391807
0.620932165721
0.0
0.113413511751
0.318741506696
0.0
0.0
0.504405324252
0.608102326926
0.290602750211
0.17161479788
0.300522199192
0.546807585174
0.131452323316
0.0355201064949
0.0
0.623446967003
0.154348388735
0.500397081606
0.332110102256
0.0
0.0
0.0249263688466
0.111231838292
0.317660724846
0.0
0.368090953425
0.511222085005
0.0
0.230774737997
0.124928403393
0.0
0.465501788257
0.0
0.0
0.0
0.0427010948821
0.165724656315
0.0627776536276
0.0
0.556929924651
0.128300654571
0.585707000152
0.566321825024
0.704785397865
0.18294791965
0.296447509551
0.0
0.364362206616
0.0
0.471389107016
0.175840258564
0.0
0.657343117079
0.272331583526
0.339809061943
0.298244864743
0.412429113198
0.145410748967
0.0
0.948492791754
0.638818807132
0.0
0.0444881452254
0.041279938517
0.307182020818
0.0
0.0953344806043
0.0
0.338625141791
0.116516696978
0.590265874575
0.0155586087858
0.254183588081
0.292567612444
0.673307219468
0.0
0.338291588686
0.0925537384119
0.0
0.0
0.185322840856
0.141401606445
0.239501971456
0.562768274778
0.130832781883
0.514217461054
0.0
0.453754440907
0.0
0.395690562466
0.201357660546
0.515689731488
0.281394990828
0.0761731834003
0.347000545584
0.0
0.0
0.173673798661
0.0
0.0
0.503390571378
0.0
1.0
0.0
0.447164286134
0.675100502836
0.0739857884967
0.112245839825
0.26110396465
0.2305727834
0.0146598787833
0.0
0.0
0.350161376299
0.325505271025
0.0
0.0
0.682386336025
0.120228773585
0.0405023675645
0.349254532739
0.285047993113
0.138724007703
0.0254018177022
0.608933338587
0.139961919713
0.0
0.0306279675462
0.0
0.44686922176
0.488263404817
0.431847027468
0.582089424997
0.26811974081
0.162579467989
0.529860280402
0.062654613905
0.0204419300622
0.118766269275
0.28108942797
0.0
0.416403879931
0.134902068495
0.749836981714
0.0
0.471533941339
0.264491762153
0.485078596204
0.0302849046969
0.55230108159
0.138447016969
0.0
0.627981052041
0.0
0.219192610737
0.697786018559
0.192343349683
0.00985802543036
0.0
0.0206567231316
0.512260607627
0.22819271583
0.404345731758
0.117590891246
0.619396070673
0.276773014426
0.49025192621
0.403971440474
0.0402092513058
0.0
0.0
0.215251128878
0.423509318013
0.0178936582312
0.027048574146
0.0
0.57064474251
0.0
0.437544321904
0.495596672461
0.0
0.256185265578
0.648376991829
0.0
0.0675576838749
0.267706805006
0.0810728464563
0.137623928814
0.0
0.0
0.032417951138
0.320698190483
0.39735428927
0.192929937039
0.344704465381
0.610892310509
0.36644278407
0.349484851586
0.0352652444291
0.0579345032997
0.79959633907
0.362300108503
0.257054059906
0.0475289351351
0.0
0.41100632122
0.537658396326
0.786027696392
0.0
0.385054875364
0.318045842594
0.0
0.0
0.0
0.0
0.201039406213
0.0231095749727
0.153178423157
0.179800419686
0.537512419313
0.139784722891
0.0595198894208
0.035657094583
0.0279998617172
0.0
0.123780497879
0.0
0.279581056327
0.352931011491
0.704316671638
0.674566818919
0.107484023537
0.237645119884
0.75329944953
0.694514528611
0.0
0.0
0.0
0.153782020278
0.411480362097
0.282173058749
0.127211282579
0.358915210145
0.143626604769
0.148775057713
0.635971747102
0.609273971448
0.0
0.35982613586
0.426611669941
0.152582565018
