0.997701698863
0.674399816107
0.973794507803
0.947462068995
0.757017062436
0.760353125139
1.0
0.720944118408
1.0
1.0
1.0
1.0
1.0
1.0
0.998635367176
1.0
1.0
0.721857457036
0.991347274575
1.0
0.983870016928
1.0
0.925193940989
0.81737032462
0.951722034183
0.877737823492
0.993589314316
0.916732451857
0.717840448999
0.72477492132
0.924892306931
1.0
1.0
1.0
1.0
0.961252895916
0.703897780299
0.899467816923
0.832862679202
1.0
1.0
0.712949016023
0.627395269836
0.953591498305
0.738746068076
0.986250285292
0.73485839638
0.696503525227
0.860740371457
1.0
1.0
0.975830921156
0.69746486219
1.0
0.979472681649
1.0
0.860357890405
0.688992607923
0.963011506305
1.0
0.994124866695
0.972513519976
1.0
0.739064397452
0.906107016767
1.0
1.0
0.963307632336
0.947748924405
0.933153327155
0.978218653585
0.68053952164
1.0
0.729405987937
1.0
0.94352304377
0.966751143928
0.634479060316
1.0
1.0
1.0
0.717849222495
0.690900381592
1.0
0.909719279441
1.0
1.0
0.92376200337
0.924601932567
0.962630874527
0.700681576127
1.0
0.796529408157
0.999062759812
1.0
0.976411080559
0.95443276881
1.0
1.0
0.983764175189
1.0
0.951568662939
0.957189777149
1.0
0.999586820644
0.744446512966
1.0
0.858558333131
0.654055060121
1.0
0.984185701445
1.0
0.967352013286
0.671800287759
0.702430873837
0.638874334763
0.684975319772
1.0
0.972361064272
0.649922667496
0.947857770112
1.0
1.0
0.998023454438
1.0
0.703198786908
1.0
1.0
0.82391345289
1.0
1.0
1.0
0.621744934289
0.971132987736
0.988987120109
1.0
0.900547418898
1.0
0.992643975639
1.0
0.686814114733
0.955858486458
1.0
0.679309794441
0.712088418529
0.605841428141
1.0
0.997347463827
0.977640555395
1.0
0.611002493464
0.712776760213
0.990899393258
0.765375572126
0.778584419591
1.0
0.639380354121
1.0
0.782236722039
0.76908665335
1.0
0.690865095217
0.667932449831
1.0
0.870459259162
1.0
0.745256482032
1.0
0.93436405036
0.85910831729
0.807839471386
1.0
0.986241617597
1.0
0.988029262565
0.951185057714
1.0
0.825218357139
0.97727254555
1.0
1.0
0.960545729888
0.979352536479
0.677040645171
0.993971734593
1.0
0.943595337892
1.0
0.797400746332
1.0
1.0
1.0
0.625456566391
1.0
0.932316979549
0.978581626023
0.994017868982
0.637058280234
0.877430962718
1.0
1.0
1.0
1.0
1.0
0.987168946667
0.944403081222
0.665231020492
