0.480824973025
0.632671178362
0.21324895467
0.164929691556
0.0
0.0
0.339402278753
0.643545661218
0.506439111551
0.0
0.0442819662528
0.404947244353
0.232558425959
0.730393038538
0.262289727572
0.161431226283
0.0464855194515
0.415327229794
0.562910850079
0.0
0.386214414312
0.465359846722
0.16963747269
0.247597016438
0.745700270982
0.0
0.503206529092
0.305194999516
0.540388530248
0.386860214132
0.0
0.0201591449992
0.45284508988
0.113986289902
0.417408269691
0.0
0.0238032391604
0.0
0.0
0.0
0.463021674938
0.0
0.232770296169
0.0
0.132875894574
0.215204200104
0.201209534503
0.486530782409
0.888381391643
0.297782994991
0.160392521996
0.33373759543
0.45100571071
0.914043028083
0.493669562877
0.107641177314
0.224372688342
0.0
0.163465270118
0.0287849816981
0.0364982925585
0.338000201624
0.0661962965956
0.0
0.483052109729
0.678200139298
0.128244540923
0.0
0.135138432832
0.41326801084
0.0484440208743
0.037833666054
0.0
0.0
0.675949712665
0.130707776369
0.629316003631
0.451326915975
0.153893632981
0.17536709924
0.0186155590503
0.210940542054
0.721705827973
0.158084085561
0.0
0.489204601376
0.652938007147
0.286014180304
0.0183854074849
0.0
0.0
0.0
0.123677549123
0.544057999447
0.508480284864
0.0
0.0
0.135313170925
0.11178921355
0.386218740125
0.732707057925
0.142600245833
0.238933562831
0.0
0.959335435879
0.727674022878
0.4823251706
0.151052156316
0.390828597598
0.0
0.610704163647
0.148322356068
0.159661139069
0.719401973853
0.685246366391
0.0
0.0
0.0
0.989943914876
0.118531219784
0.493493198301
0.0
0.0
0.540560160797
0.0
0.861182136927
0.0
0.599770681469
0.127363748563
0.338764862208
1.0
0.127998233937
0.0546237180257
0.40930642174
0.129899679586
0.480264993013
0.0885921528952
0.0164031911047
0.0
0.180573151061
0.0
0.435207215572
0.0
0.0
0.0
0.0501535488202
0.684073569828
0.338436790225
0.501619618088
0.417506339546
0.338905914755
0.759177125196
0.102675133315
0.0158401876311
0.0
0.25179468293
0.100329245492
0.270527624519
0.559154031297
0.0
0.0180206324606
0.595416782071
0.0639915388793
0.560319653107
0.675352067265
0.211223145423
0.0
0.0
0.351258910444
0.0204485749505
0.242254370011
0.167986906259
0.0
0.132483243775
0.0448433273986
0.38621283211
0.372006174942
0.8633130158
0.0547962319156
0.423955713497
0.0
0.460524581135
0.244358455592
0.467064181219
0.668540907513
0.228284671795
0.725847197475
0.29149296748
0.0258758999886
0.146503133105
0.537949100191
0.359248797566
0.864153927176
0.355214274646
0.176125593667
0.0475709339747
0.155421593293
0.508066089078
0.460453156018
0.0
0.0367853104158
0.479594479889
0.217118437703
0.103992502579
0.746376272613
0.162159683777
0.603328459987
0.2084127158
0.776966476603
0.0
0.0
0.789706779982
0.0
0.466080205669
0.670492517145
0.65969616277
0.0
0.734154922552
0.551878495307
0.514009447405
0.0
0.322732886371
0.319065870097
0.682839563449
0.0405330353672
0.921136343342
0.0
0.376706316385
0.0737355710052
0.470791901967
0.0362413029039
0.286633925471
0.40980866063
0.0
0.0
0.0182784569455
0.1222858598
0.0483646659067
0.297225115565
0.646381527124
0.0
0.797313595193
0.0895098781537
0.0258568243915
0.010277981691
0.653527073756
0.132523926565
0.0
0.149225504219
0.489990610186
0.597858685602
0.0
0.730390354528
0.757293903402
0.210052574534
0.472377790157
0.470444858163
0.264456927949
0.456479652847
0.0
0.216396835382
0.0392301537291
0.271686925636
1.0
0.908981441882
0.0186914050257
0.0
0.646308812962
0.122230788494
0.393099401708
0.759421984181
0.167477527923
0.589315133739
0.0281995497774
0.859617231026
0.0260289314811
0.0
0.385331473009
0.662095227417
0.0
0.0353897857573
0.0
0.209782121615
0.0
0.110856815516
0.333922631356
0.0
0.569974801777
0.0883333077574
0.115036633505
0.360421671605
0.328729687156
0.468721292022
0.45962631746
0.467528050482
0.149369674975
0.568954600206
0.287223679607
0.0
0.0282408526116
0.0
0.444749484384
0.0
0.364628134324
0.831276144263
0.0202903072641
0.0307654935492
0.168223521608
0.291554601
0.0912056636086
0.480519008239
0.0155688453276
0.0
0.22634495668
0.758827867602
0.64889751805
0.0
0.0
0.0193636882232
0.496621919252
0.712124173189
0.0
0.239549291855
0.0
0.367084293252
0.0
0.282293855541
0.202794348167
0.132752399133
0.360965047156
0.0198409768692
0.0
0.107069942953
0.170856468515
0.0751462510781
0.387655397164
0.0658044038724
0.2466731987
0.0
0.0
0.186623921483
0.146219345679
0.7911249419
0.0
0.423801483119
0.539093331711
0.0271335407428
0.312837858495
0.138858429233
0.672376752131
0.290913819392
0.0
0.278820739537
0.682340997652
0.0
0.0
0.566691985562
0.200301211956
0.511357803622
0.183516637147
0.130044601603
0.296746563975
0.642181496076
0.499714151859
0.0
0.343608695389
0.498233121508
0.237523430349
0.482400062479
0.49468791265
0.0
0.637648112782
0.0
0.113939867555
0.15052986009
0.454734220052
0.313418577055
0.441732515802
0.43179826669
0.0
0.0
0.0
0.47229563282
0.478779765941
0.2925793909
0.552895927654
0.0
0.13263692329
0.457052722151
0.592234031761
0.0
0.327272972296
0.144473400079
0.0
0.0314226704423
0.0630354926852
0.0
0.536993092093
0.0
0.11696554466
0.547548103851
0.032999146217
0.220687624843
0.756559988258
0.303624225007
0.0
0.229456991494
0.117556420952
0.13558981659
0.0
0.289177859702
0.53277988534
0.499065485858
0.157536438992
0.0505335317549
0.0405203702614
0.0
0.158938066303
0.281659170482
0.0
0.585338737482
0.0273608548478
0.717718537459
0.172578636759
0.337836399154
0.0
0.0
0.423273948106
0.0
0.0
0.125883029506
0.456217318529
0.331007891916
0.681627044695
0.0248164615691
0.426922443302
0.270599339187
0.343682510176
0.0
0.34077309549
0.0
0.44128496536
0.719452340894
0.652735949131
0.822941733091
0.0
0.0
0.613626658355
0.0333620716698
0.412558072313
0.0
0.0
0.421053920684
0.449599103657
0.0
0.541925160984
0.12616654913
0.155945955303
0.0235626832926
0.485164384044
0.455580533219
0.579200797363
0.719985553809
0.493483631384
0.203775361871
0.0
0.678159555611
0.695598690717
0.636380935414
0.583808779116
0.230187083447
0.4906117251
0.0
0.488994621567
0.345467124071
0.285786559432
0.256970191711
0.456099976153
0.143717977538
0.47091856526
0.0
0.853370577367
0.509649007916
0.285086973832
0.82160940261
0.342506014959
0.019615569302
0.0501385563537
0.0
0.640162912192
0.396753977776
0.366133982075
0.836453982164
0.0460808439813
0.598724579208
0.627642144074
0.0357873909484
0.362704292936
0.604814169215
0.0175119228689
0.206041298768
0.258993481759
0.0532070485957
0.249777920417
0.27025466718
0.022970297555
0.0227671927148
0.0313790594184
0.264157620625
0.58483908213
0.504901307834
0.218010972186
0.665965420773
0.670362206973
0.0
0.275226397257
0.451420042112
0.0404585954664
0.0
0.485330897927
0.420155650961
0.310016902933
0.322055675827
0.0
0.478987744009
0.0
0.0413228311928
0.289883444072
0.229771790388
0.164484283651
0.080487446894
0.547489144342
0.699384762861
0.0
0.484618852424
0.0
0.117451018038
0.0
0.271440134357
0.45177421042
0.210868832446
0.527280867127
0.730582423439
0.0639282371743
0.0
0.317681130258
0.517477837168
0.0
0.0
0.104487895407
0.396836176917
0.0733299660179
0.197825083562
0.121699298087
0.624563633191
0.524776472997
0.0
0.0554430740948
0.127132551206
0.0
0.0801828282182
0.0207282392347
0.697859571142
0.0
0.208585899073
0.0
0.878029216273
0.0305187189416
0.443555235857
0.47900806349
0.585794839769
0.827920395946
0.739862764829
0.158535018849
0.510380014363
0.62820232919
0.434434562806
0.0267853589209
0.0170792757726
0.237793392872
0.0
0.0
0.450662902238
0.0
0.0779249840556
0.26414700704
0.248015950617
0.512595986366
0.0
0.30585257537
0.705931913989
0.0
0.0726464535413
0.0
0.0231893660512
0.0128528231754
0.439259471311
0.159854880231
0.315059799644
0.347993320698
0.975055349154
0.0
0.048416088856
0.0146208824625
1.0
0.0285972685561
0.204276760014
0.702176035621
0.637730216706
0.473776676398
0.113654017806
0.0119467852604
0.191310487115
0.0
0.129356343114
0.0
0.0
0.310746312258
0.0
0.0
0.0
0.0411409860113
0.45519093846
0.0889249454147
0.643495980014
0.538233246374
0.349562642164
0.54936617685
0.0
0.0294796030618
0.532169532148
0.554916895627
0.335561876746
0.0346667239713
0.496593915698
0.403867229134
0.303611915772
0.13225403205
0.0453708440302
0.475772736245
0.844130547767
0.134903480074
0.536730748881
0.150849720309
0.124456594924
0.0
0.320298592543
0.053739700834
0.449379233478
0.194140577121
0.619917642946
0.0
0.0
0.0289369600427
0.58144140459
0.225459655816
0.69423219796
0.302637840983
0.522077057855
0.329271497688
0.0399306017518
0.112727895886
0.148523279006
0.0
0.685964919004
0.0
0.130096347944
0.565455497587
0.470765638038
0.762180201815
0.359299641619
0.00999540919414
0.343824380766
0.0
0.0482502085721
0.0937919486677
1.0
0.216017886039
0.0
0.0
0.0239800669672
0.464474933609
0.23948638979
0.641182568343
0.264315885426
0.461101920177
0.542932287264
0.12764049786
0.0
0.889418245797
0.842996232434
0.604563824282
0.0
0.637289153
0.185027214934
0.657498248039
0.399596215654
0.0
0.443576754189
0.0
0.568431859346
0.0
0.290881990531
0.617187161217
0.220745393605
0.137735637661
0.0
0.41354935215
0.522691380314
0.0
0.275970581616
1.0
0.0
0.280182925434
0.153599918748
0.228823996912
0.344182515721
0.661733900081
0.593524001488
0.73562484743
0.19402527074
0.0
0.405051005203
0.0369595182644
0.0
0.035236455945
0.0
0.576418441718
0.227087395041
0.455271831815
0.57404878376
0.0
0.203236322876
0.478617953885
0.0974637691999
0.139375942171
0.215583357938
0.286067473435
0.286631263944
0.0
0.838045094315
0.0
0.0443276037442
0.126540644219
0.328786128783
0.610682488568
0.328542271624
0.421703189675
0.304821787506
0.0
0.143231404936
0.0
0.74925211571
0.19787942368
0.639434927973
0.610343323112
0.134896063887
0.602417862148
0.0421557169713
0.2850705577
0.015806532167
0.509661873738
0.650115124272
0.235297916327
0.0525087928509
0.057776196551
0.530231895844
0.145247111949
0.0
0.0151455759363
0.416425865745
0.226107916537
0.0
0.250369453007
0.115570168088
0.0353157986549
0.502276250007
0.962840734731
0.125047879491
0.245833727637
0.394678032017
0.0598896556049
0.140959219026
0.775443756636
0.0933691563112
0.0171592968345
0.195009534858
0.0
0.569083185843
0.0160890654011
0.0435748599019
0.327307169371
0.0
0.0
0.423412990026
0.269442125345
0.13456637151
0.33852016692
0.151027101976
0.320583871596
0.36381734567
0.365919373868
0.0240353841187
0.16267616946
0.602301421047
0.518378234424
0.611427632274
0.441606947223
0.530354551432
0.305250174926
0.175364092288
0.524009023754
0.50469033982
0.429678210433
0.41000056922
0.338123455391
0.564823194995
0.182729778488
0.0400305045092
0.0421564838871
0.240798807751
0.743671762176
0.423837080733
0.695273584716
0.0
0.114078415128
0.248002022215
0.312827537027
0.305712702157
0.0
0.574749740215
0.0923164711772
0.494870056927
0.927671173879
0.0
0.532205703009
0.0617155621709
0.092190468327
0.476832247253
0.343460738318
0.31036023543
0.0
0.357458717151
0.370684679719
0.403820988484
0.000238740154438
0.744507354057
0.286304662471
0.0485844724264
0.0331629649556
0.154793238809
0.0
0.0970915021231
0.0
0.663515902593
0.119870657712
0.0
0.451653254803
0.0
0.069782810616
0.800592063075
0.309195363764
0.611695294063
0.0465272638396
0.369431661356
0.0
0.0
0.369102508831
0.18108003908
0.363071828305
0.361201327842
0.130524585206
0.464232101477
0.14811366536
0.25247746424
0.0
0.138218238154
0.522217796574
0.3668143179
0.148244952623
0.214350494132
0.822509279143
0.413269612971
0.122516834918
0.723056346129
0.615150204986
0.0
0.289701025273
0.595099273485
0.279466140967
1.0
0.380369808688
0.156607338522
0.331718755901
0.140838048983
0.645947740291
0.336545781324
0.0
0.121618630092
0.0199327297278
0.0
0.0
0.489877268769
0.0165056867605
0.0153807607076
0.114075828043
0.374865927926
0.187196064391
0.116983533811
0.0283119821173
0.0
0.654027489563
0.435927300043
0.0
0.0
0.0
0.0
0.30596644234
0.150642533079
0.0469308589112
0.787439352574
0.87803065166
0.134884604185
0.0848777725642
0.0286810975673
0.710684493196
0.333418378184
0.130663183703
0.0
0.431489631485
0.0
0.0
0.643716885101
1.0
0.166621149452
0.852498466796
0.0
0.0564939126884
0.541931972041
0.0
0.394218460725
0.0
0.0
0.241625429489
0.260042982294
0.673071928867
0.0430868939983
0.317750384379
0.153912340569
0.430795900321
0.0604219630553
0.114110577301
0.0
0.0
0.569952809331
0.317687499666
0.42644412189
0.148821168099
0.289184147257
0.0406750037043
0.030152051825
0.160488557049
0.537543803929
0.0
0.492739259024
0.167375560503
0.515915324547
0.0377713376867
0.273224572336
0.340119207729
0.400003416882
0.540810944752
0.353155244251
0.112229730614
0.522606078736
1.0
0.0
0.401544168346
0.374448854982
0.0
0.135950825078
0.0
0.043621684461
0.0
0.0
0.134299500021
0.116283902063
0.0
0.0
0.411750451689
0.188668356001
0.757354859829
0.0
0.681757874412
0.597837991111
0.0
0.205717277816
0.113272895921
0.473261196547
0.308766995531
0.0
0.00467713251616
0.0
0.0
0.163154874325
0.613882689738
0.0528670887363
0.796549999727
0.529398481363
0.162341661614
0.128878943785
0.0
0.332991510667
0.0
0.0
0.636162424791
0.0587643270356
0.0
0.174524421849
0.124157353167
0.0
0.367435572341
0.754244591001
0.698913664442
0.418436770912
0.0482701232117
0.0
0.174826052583
0.0
0.0
0.0
0.538529442547
0.125177638473
0.029717407383
0.637951147208
0.041594431166
0.557497835474
0.0
0.5380493567
0.0
0.229292241566
0.841196730802
0.908576223778
0.135790196879
0.495627772119
0.428377581916
0.122257169102
0.155567848866
0.564526933291
0.248669780663
0.33978972755
0.375682396528
0.546971130677
0.0
0.70109387391
0.118992360162
0.142583361901
0.31933434253
0.817702280382
0.582647944558
0.0
0.0
0.0
0.145178067062
0.289599715451
0.281676053976
0.164747338452
0.274382863193
0.352392393144
0.0511684228478
0.26552223508
0.37969864351
0.536584059911
0.672940499104
0.725197423394
0.899699177227
0.0193644925117
0.311290650774
0.740386037765
0.151717775304
0.633014080093
0.403845333679
0.15884817829
0.113825374173
0.487804051567
0.122152988874
0.0
0.276435170182
0.635762635018
0.158179028825
0.166314338617
0.0
0.258494629511
0.440673357758
0.291075814223
0.194997319065
0.0415857115586
0.0950590430137
0.100672208956
0.127014005821
0.0
0.0652929952855
0.424950012118
0.0
0.0
0.789320311299
0.331258047654
0.13096712077
0.375209818566
0.0
0.896655183368
0.132410324993
0.124157353167
0.535011203567
0.165447964409
0.492564858688
0.43480896438
0.0219447872591
0.69556005544
0.233873473564
0.0241026550556
0.030034784822
0.0365179100632
0.604254132929
0.161210059321
0.0307045879338
0.338070140827
0.183736435938
0.225834447946
0.253480082742
0.582956068523
0.449710631948
0.0
0.0
0.0
0.0
0.0
0.970125788703
0.253620303671
0.481716702459
0.0
0.630088941144
0.259479677707
0.749534352477
0.066985882058
0.686177145766
0.115926132877
0.0348406996841
0.122160603423
0.664034549414
0.0257767319096
0.0330346586906
0.288162046634
0.280659975209
0.160066325785
0.179077265466
0.549404478897
0.11010105656
0.279953173262
0.0
0.112133313486
0.156225226956
0.0895632544655
0.086237304599
0.0
0.0369344442673
0.267036315176
0.280961812862
0.127170657139
0.48784396893
0.0
0.0
0.595223370905
0.0
0.0
0.0
0.724428529778
0.104604172312
0.131055991771
0.17694845393
0.301175882655
0.0303465168117
0.123076430458
0.142434989758
0.0
0.0
0.310682799499
0.487498544287
0.530470480305
0.182704064841
0.111695022408
0.0
0.292910904683
0.551863532356
1.0
0.787252683398
0.095361381395
0.207785976502
0.0
0.0769806125058
0.246113225667
0.440621940267
0.104325784024
0.47632775625
0.377974373306
0.0656882220248
0.0460631848484
0.244578249636
0.0168251942681
0.213247745486
0.0
0.360371405757
0.0
0.0945211118056
0.131282082665
0.395991883963
0.546975088237
0.330557090073
0.20619109128
0.0101074082152
0.552159352623
0.410763784642
0.443378235125
0.21636469338
0.0
0.534133284183
0.0595150247663
0.710416750177
0.29292889972
0.510907834814
0.0935599922829
0.532428529963
0.851279731838
0.0275546214853
0.0805631762252
0.244596563674
0.0200786247686
0.623094582029
0.362987578473
0.272482069709
0.0
0.384396121805
0.616218610371
0.0
0.606762099541
0.191297394356
0.331018392144
0.041684963789
0.499805270034
0.73119466117
0.501025328472
0.0
0.0
0.559500131918
0.0287479695315
0.459471975231
0.369340878675
0.280700359654
0.0565623346289
0.0
0.350680916113
0.83090163477
0.265080352368
0.0
0.232335850863
0.121633402995
0.0323171042413
0.363424907108
0.632293131272
0.0
0.0
0.260867801908
0.190619541196
0.376230469773
0.250818334353
0.628922307235
0.816817074028
0.651399568824
0.722457127554
0.0308586884858
0.0980522264029
0.0213002516165
0.11965505777
0.0332584114449
0.253413720898
0.459304708934
0.546988095842
0.26531957226
0.0637726469056
0.0493378617025
0.567855672352
0.0737750790929
0.303583611337
0.0
0.823979094832
0.798308171519
0.62637754388
0.0
0.237793392872
0.033275668883
0.537166650757
0.039622175962
0.142450838893
0.0
0.0
0.42341854238
0.24596125182
0.0198714561868
0.274533564567
0.0465671290119
0.486542515601
0.0
0.0
0.462984364943
0.683118781307
0.0671346246967
0.115742086195
0.0
0.0
0.0
0.0
0.696201220823
0.310008122224
0.494932417867
0.0246229753447
0.429179573482
0.434445061658
0.377349630636
0.303946528621
0.562207365456
0.0265792555379
0.454053895629
0.0636873696045
0.0
0.322983206523
0.0162191214384
0.0
0.841477542324
0.0
0.134746427143
1.0
0.28364197149
0.456149312552
0.150663377296
0.0
0.433206372917
0.0143011687327
0.250083720385
0.608575954864
0.54630921505
0.532251980758
0.0
0.448990885317
0.16088014369
0.0249021427525
0.437314864123
0.0
0.0
0.135708122905
0.465817625598
0.304792011446
0.123344875788
0.0
0.23296870967
0.0
0.0
0.16182291317
0.101331446318
0.119619194198
0.786563695201
0.121176598237
0.268984884269
0.747138412555
0.1453130055
0.50708141122
0.0666275631755
0.0693987292819
0.732499516299
0.0318028551306
0.134339733657
0.181510073516
0.107942298661
0.117390449856
0.581975054165
0.59157214668
0.0
0.640275635246
0.594035057091
0.0201243399623
0.220093673119
0.48281152243
0.647575447759
0.309351772884
0.290979656083
0.244073261957
0.875356346536
0.0394950334162
0.0183832625468
0.449939961748
0.285695758766
0.0320884724086
0.0
0.353228744802
0.353364052367
0.0
0.366574804008
0.134643847581
0.349297549174
0.0435653811618
0.0
0.0
0.0
0.610795603541
0.0
0.233820943552
0.0
0.0
0.0588372073276
0.0338508964889
0.0426420229396
0.549937570919
0.464601229693
1.0
0.0
0.728290378777
0.269667883646
0.400069285001
0.0
0.0
0.487033952497
0.0
0.0
0.0414369451579
0.286991186696
0.588578836267
0.0421164987237
0.292375570162
0.308000410422
0.760829255014
0.0129473926065
0.129038679993
0.0
0.0
0.0452754310709
0.0
0.732995265683
0.0120112003934
0.15510841631
0.616598854395
0.721784090186
0.487323379241
0.488115570424
0.0366183080499
0.414264198237
0.46348649441
0.376279527318
0.211448111005
0.75647672453
0.286279501584
0.172862649408
0.321255710682
0.571272905771
0.22593830685
0.901304067699
0.188710040802
0.477734368538
0.126036270485
0.0673888696222
0.308124897249
0.289768412
0.558958151083
0.0
0.159185414058
0.378438897945
0.0
0.0
0.12838754394
0.12877375705
0.168386064555
0.0514165000429
0.485621860666
0.137583425088
0.257012230969
0.129531561609
0.218129594563
0.0
0.0308587187193
0.487944944334
0.0450493130784
0.516449197859
0.296577071912
0.238225151011
0.0
0.249429381411
0.266365901842
0.602136538515
0.0
0.703765687556
0.0
0.0
0.0903154596751
0.313287722371
0.0
0.0
0.0509489520126
0.0156518879963
0.520623506189
0.374483850472
0.646591932528
0.0861816284352
0.0
0.489140500923
0.323192800323
0.593403178185
0.0
0.737955255391
0.0295285944667
0.0
0.843615927346
0.600407374101
0.0
0.0710804553334
0.272342778759
0.711898181919
0.306160065654
0.0
0.0
0.0
0.248908765645
0.480589792079
0.10634682953
0.0
0.57222680249
0.0
0.667558911392
0.0407635935476
0.158933562413
0.988567005584
0.822738868122
0.0
0.224435725545
0.887354817013
0.0271152745399
0.584994810252
0.362598217364
0.520904229103
0.621448609736
0.0
0.842477841974
0.0
0.485771939318
0.523383127911
0.133034657614
0.258742535003
0.247116335529
0.34348531874
0.033913769961
0.0
0.65745084371
0.0
0.675455825826
0.388164618442
0.740075547292
0.0
0.28165695232
0.0113146346416
0.00913234691734
0.17027004084
0.115151028577
0.588503173887
0.0
0.164734055847
0.3295980156
0.889680340793
0.0
0.0
0.449368027511
0.153046803009
0.17087125724
0.435577851853
0.22169034603
0.107560651939
0.381110931584
0.204519196597
0.0
0.0441413138201
0.128713093694
0.772538859799
0.0
0.614444744532
0.07379537539
0.0
0.34328708002
0.0
0.339699302249
0.869122098842
0.928475180979
0.874516854576
0.556868111149
0.477295198865
0.0
0.0569898556538
0.441897378691
0.117323148947
0.0304469824182
0.492707074157
0.888957017403
0.166071093453
0.082622317402
0.123940698026
0.140621958915
0.515311049283
0.12533763694
0.521755246843
0.266149288875
0.736497945076
0.633817312969
0.801858625529
0.0
0.0
0.0328895873377
0.364711182623
0.389296694018
0.403052661647
0.350763093906
0.0
0.580550478361
0.0307336686251
0.567262844239
0.0
0.0268493188668
0.0
0.15204597933
0.463688874226
0.3574796838
0.389646530607
0.694665552506
0.734742607872
0.323333494768
0.182758501805
0.122749796779
0.0
0.242585171513
0.359779214514
0.240711950878
0.222145510337
0.143857042168
0.0152821380948
0.0498313151801
0.0846206706558
0.58012870698
0.232818247618
0.687302533423
0.283439313081
0.143217082878
0.0
0.484481180478
0.436295121237
0.0
0.500405564539
0.692697240157
0.264905955408
0.0
0.587453385852
0.210523932431
0.0
0.41083225306
0.494319195249
0.0204568724173
0.450554314204
0.577691295539
0.419928008165
0.092683424355
0.307620897805
0.151196229904
0.235817494878
0.447220489262
0.0
0.488504483056
0.286488744365
0.247069223495
0.205256792474
0.0
0.655638381539
0.820531074556
0.517605006377
0.016215069379
0.0
0.59021665332
0.135962367432
0.968053135297
0.0
0.514832586736
0.0529189957405
0.0
0.122229411404
0.683073109179
0.0
0.410681324285
1.0
0.0319050636632
0.0763105983189
0.0
0.650597492187
0.593327884574
0.223900131593
0.239297763402
0.423974329512
0.440365350822
0.127880033251
0.302195213111
0.150901179481
0.0228031820295
0.0
0.883186320481
0.158718200945
0.0
0.533186384818
0.0
0.0
0.0
0.0224633094066
0.0767690276302
0.0409210078498
0.187604290073
0.640242993458
0.240720415695
0.410589359743
0.659819359682
0.352373788879
0.0
0.442517869082
0.0310341064266
0.0
0.505652449935
0.52812254281
0.390530054513
0.168478140218
0.359230682234
0.0322540121069
0.573845323442
0.456523764638
0.717156295925
0.0
0.120383044754
0.323212704923
0.426311563186
0.348683405975
0.249824137516
0.0458724147851
0.169455924693
0.121138549037
0.701172309027
0.0332999011084
0.313771546515
0.0184081655076
0.11214134841
0.234638212096
0.0
0.694865705275
0.0
0.328540982513
0.567536037701
0.158644519832
0.0353871841801
0.502019679808
0.0
0.0
0.442152203078
0.668795243643
0.64193469281
0.0
0.456223354947
0.466103765313
0.414869918495
0.287414675381
0.193319319251
0.104512816055
0.427753677299
0.469664016426
0.601851979539
0.0
0.473109162524
0.662737421713
0.266369460317
0.48126601534
0.700438281879
0.113269555108
0.0
0.258124711675
0.0250787300527
0.0789322559048
0.0477550902833
0.0
0.173952389462
0.610300003065
0.247866328854
0.297304991853
0.236846318177
0.181252298768
0.0
0.223886968292
0.465167675696
0.171352847245
0.0
0.470164133308
0.644485960894
0.112135311913
0.229517617766
0.743207014065
0.273023287326
0.448953899976
0.0
0.0
0.627283239762
0.640338903574
0.0
0.718160093959
0.128421815728
0.00542409873779
0.219030736862
0.0383543818533
0.785936720752
0.493920112687
0.0142305315106
0.614092632261
0.628638413384
0.590579894527
0.0348676254411
0.664966111475
0.0543510898322
0.275926251488
0.920882167915
0.486173125639
0.0
0.792133810975
0.0529866219281
0.539314765642
0.0
0.240903232818
0.231689771913
0.0
0.0333178268607
0.0537754430167
0.170135506596
0.272869118965
0.390267258777
0.767967522653
0.583319221209
0.436490970419
0.316557821428
0.0
0.136223930954
0.390453115955
0.00704206076552
0.695336944484
0.305245978036
0.123528804138
0.160805846594
0.0
0.151035858835
0.61464758294
0.434365389612
0.0
0.168957382239
0.375572221555
0.150909229706
0.108273192746
0.761121588765
0.117168892535
0.0
0.334254732113
0.483227956245
0.16842577627
0.0424909116456
0.688154913581
0.321022508793
0.0
0.803617830638
0.281587821453
0.303627016348
0.503330758574
0.413119060652
1.0
0.116833446352
0.523816929647
0.0
0.314848469661
0.048126100548
0.0
0.0
0.034519738669
0.0165718342145
0.278571288305
0.351518424045
0.0
0.298900669998
0.248341469918
0.419132967758
0.226033444301
0.0325419176041
0.0
0.71073784882
0.42078884295
0.0150078069119
0.0
0.0836774599317
0.226097507344
0.0
0.799637416498
0.11646471987
0.0373240351877
0.413233725641
0.0
0.417514560602
0.590316365984
0.109300945746
0.0
0.0347902838541
0.0
0.527780353428
0.589266721909
0.334417886527
0.593161602505
0.361938919101
0.290513263201
0.118993780172
0.583423246191
0.284437825434
0.403839690437
0.0209868860504
0.0193806249835
0.678268865043
0.199574757898
0.92093279924
0.31036430545
0.142732101676
0.192547511472
0.0
0.393022512282
0.387595947051
0.263657239372
0.334381517722
0.183228263014
0.028408723695
0.0332801195965
0.211023446549
0.469678382605
0.187873828334
0.108321938738
0.635740153164
0.0416781517721
0.279058110732
0.0
0.353827828618
0.0
0.0
0.675705855602
0.0
0.396071883576
0.0
0.0284081693599
0.347590638105
0.029364776129
0.61682630573
0.6879696332
0.46482485092
0.0
0.658739098607
0.0
0.202104417503
0.111110227385
0.0
0.356037412491
0.596325740545
0.462948281961
0.141185789077
0.135731588811
0.27560801348
0.711759208393
0.420112791877
0.458194156086
0.711053840545
0.138205605987
0.215061988023
0.258601143365
0.949547068602
0.849559096697
0.194417787962
0.265264293024
0.163823341537
0.451025211068
0.422381979827
0.145164372667
0.111795045682
0.146489886753
0.0424069055742
0.323684178542
0.188760246209
0.255196394328
0.0
0.432301111055
0.0203044469368
0.159899077417
0.0
0.138466924212
0.0
0.00715359464806
0.469982001319
0.355953591896
0.0488998651105
0.775733313057
0.458035127093
0.0585917090035
0.0523490716932
0.350322383702
0.0020631864313
0.0383159608449
0.263062317866
0.698066629035
0.0
0.0
0.17985484082
0.0801929039648
0.0
0.30182488513
0.887401619843
0.44051143035
0.0
0.133940403843
0.988264023107
0.357586717812
0.868187291433
0.490042231002
0.0633315597713
0.357087477048
0.199981721228
0.0
0.0
0.650592861459
0.67243037693
0.322920351185
0.0418071312012
0.332447909327
0.0
0.130254434455
0.120427003281
0.0
0.142592815352
0.0
0.235939795248
0.138761831873
1.0
0.771133097473
0.0
0.167615364407
0.0369512159579
1.0
0.0
0.430281060297
0.0
0.192444472176
0.0
0.0
0.407684343816
0.0330310817331
0.789194386963
0.488430375291
0.133435769362
0.43517534102
0.0133549871621
0.0222265432608
0.33554817582
0.117723396069
0.0293673515123
0.210618627155
0.599977011984
0.134652143448
0.261108678228
0.0674281907667
0.49083537142
0.789626924699
0.337651314399
0.374219000336
0.0
0.048254850584
0.839940068262
0.163350224953
0.0738682022099
0.496298945706
0.187792987033
0.0128178108883
0.130394751846
0.0
0.0425995161396
0.31912812113
0.361883389096
0.377589282983
0.515516882903
0.0
0.309832885874
0.315487754616
0.17078512687
0.266556837835
0.527737442907
0.0533405002609
0.509886090192
0.0
0.0
0.347663097274
0.208633251884
0.0
0.27916666624
0.0
0.292958590952
0.32418852146
0.273910428616
0.206663479714
0.0
0.557533547388
0.404930700219
0.126620890989
0.0334325916867
0.397830289864
0.128145203644
0.0626158788979
0.479288325075
0.0462150420302
0.380970722841
0.303948500509
0.600067638977
0.135426034508
0.350447028049
0.0869744172533
0.160486977158
0.0
0.0289039466475
0.0
0.823993304937
0.16183246294
0.254196420291
0.103828102629
0.82799755641
0.217163517181
0.450110528661
0.11811505589
0.0
0.493071811693
0.0559261288626
0.0
0.155403204331
0.128829665651
0.499239587283
0.0
0.0417681366628
0.306990961995
0.115265209584
0.557643369983
0.692689723981
0.406497066427
0.277384831878
0.691084855376
0.803479328135
0.0
0.0310789261762
0.0296688215829
0.434422114588
0.0
0.0
0.0
0.408694747659
0.0
0.126681445461
0.047173593311
0.536635059227
0.182931448536
0.0861555338057
0.324662543829
0.0
0.0
0.119268882731
0.202297044744
0.128466025277
0.256842673928
0.716872705764
0.178563489303
0.0916116085336
0.0444323495355
0.312611166686
0.0
0.280512244133
0.170675483751
0.492914065197
0.0
0.0
0.161156732329
0.0
0.0
0.959217078639
0.867498960042
0.438434958726
0.589475800775
0.576730231564
0.423659235768
0.0712191409828
0.734730408736
0.251438399881
0.615905541283
0.27861083483
0.153617104235
0.0
0.123940698026
0.0
0.427684593982
0.0
0.405722293542
0.107263310992
0.022789391354
0.221661125208
0.777246977811
0.0392659342051
0.438397633815
0.356965089374
0.374587079791
0.312191226079
0.0
0.233725207947
0.13886501985
0.610810452374
0.824725051301
0.26723733244
0.528627002066
0.364037135521
0.63139328201
0.412476782901
0.0
0.0581609985828
0.325121052599
0.0
0.68741646053
0.280093666856
0.0
0.00618608308799
0.0
0.0288275965693
0.586369270993
0.0273585502793
0.781821706375
0.0
0.187069628931
0.0
0.0
0.0
0.0
0.0216261370468
0.53605651092
0.0876090413164
0.896029549607
0.0
0.201737195602
0.416089856357
0.653364877116
0.0
0.13483477002
0.137988873761
0.0749437256871
0.535980787145
0.344523518236
0.0
0.35884076945
0.656041182688
0.265105875207
0.238190293499
0.0212693755733
0.0908461164733
0.164929346816
0.46462645774
0.156803132886
0.156518198757
0.208496132983
0.0
0.0
0.172681502675
0.290860559003
0.0
0.625995411885
0.451368321478
0.114033897369
0.0
0.556862621446
0.0454072234111
0.646866417343
0.381759670589
0.444355101802
0.379096745704
0.0
0.27306850152
0.0
0.568980675954
0.0
0.444802056949
0.0
0.121175933847
0.067287414489
0.0405089683657
0.032723295958
0.548141195959
0.158590645279
0.542044408886
0.0
0.0
0.132624079361
0.0445737126226
0.136586342656
0.34889542109
0.388434601585
0.0127676006859
0.0
0.0121666257801
0.0
0.0371102720958
0.235750286194
0.346261016184
0.0
0.176059207466
0.680327437232
0.0
0.819463197597
0.279215872505
0.663914970005
0.275283282763
0.319838830418
0.44970828859
0.0
0.376501479647
0.124943000335
0.464821360261
0.150387789576
0.377612773415
0.305612117172
0.0
0.724913760696
0.561574432456
0.0
0.349109889356
0.428125926773
0.308108404991
0.188396482878
0.298283234144
0.0992861873046
0.276281159832
0.534196608548
0.170662487137
0.119510385161
0.0
0.435224708886
0.266430399868
0.117620559856
1.0
0.0
0.562365432067
0.396109701975
0.0489105814618
0.40326631606
0.501752114462
0.402032332827
0.320022773014
0.520934152308
0.388259548828
0.139486202603
0.571345055392
0.412316108624
0.259561344496
0.0141471394736
0.360183666068
0.357707234091
0.000716697747792
0.611734375657
0.0334077018152
0.0640733379862
0.218741733571
0.648700337935
0.653698916962
0.730710083618
0.0
0.0
0.0
0.0
0.778669498606
0.0
0.596469572608
0.372196893953
0.0
0.302542940807
0.23606808789
0.226892458298
0.933692166057
0.739532491708
0.180053749969
0.892870854575
0.214130072896
0.0323708980063
0.731807419944
0.0362527691146
0.188318368408
0.103422209841
0.513879442373
0.0257273980018
0.487748023793
0.665012563464
0.228056686081
0.692913544673
0.330886851728
0.717118784341
0.108710966306
0.0224017648362
0.771180758737
0.553445368458
0.506019871393
0.158725535894
0.245626478997
0.200951251776
0.417363332821
0.154209094205
0.709285121131
0.18302253502
0.119079657809
0.700046679536
0.570296251861
0.277004060923
0.10544544244
0.0952894771273
0.0
0.13469936909
0.119268882731
0.402099626004
0.521155772755
0.0160222782835
0.117676787573
0.0708237908168
0.237102137926
0.809470320418
0.0
0.151989973197
0.0334787053972
0.615997907401
0.433703199045
0.530176174212
0.455502964132
0.610661188727
0.569557514115
0.225889002348
0.0
0.486091451149
0.0335083146287
0.41917804227
0.0748373224337
0.623872182358
0.0
0.646759373988
0.0299624748197
0.291448160532
0.0637025413324
0.172492426436
0.681540915535
0.357795816415
0.0
0.0325991166925
0.0446489724412
0.0163052082082
0.0
0.479178234403
0.123410859556
0.720851843539
0.56863165437
0.259526881807
0.0
0.241260269199
0.0
0.0
0.806870645883
0.253182166357
0.278129390318
0.692742598035
0.625589397127
0.0
0.0
0.662120938371
0.573137683215
0.414273379852
0.0688591247309
0.32730726015
0.41878056934
0.347302727133
0.0215213025072
0.649019138081
0.0948228961335
0.0
0.589136201552
0.0
0.318724793092
0.474696029206
0.716932356904
0.494792395925
0.127603872105
0.834823838997
0.00931654853602
0.0363013010295
0.00917801941412
0.745888999368
0.134406574368
0.154199444167
0.421191365348
0.0256548357939
0.393930142347
0.829276822019
0.594785312404
0.0797868793981
0.677715142533
0.551939402718
0.848013070554
0.603548789657
0.467171578105
0.0
0.0248389490009
0.307663839337
0.421868278371
0.512748591535
0.288156269531
0.366687434572
0.268328645959
0.020641020142
0.117233086779
0.0360974037859
0.823806039997
0.155535619184
0.181430552033
0.177277907076
0.0153963933852
0.336038991708
0.450600481399
0.537632229856
0.547755676342
0.791984568334
0.301682636385
0.50985393075
0.146361436098
0.177551223376
0.0
0.0
0.670202084453
0.111468714997
0.0
0.42835962334
0.0
0.0269485732823
0.137130745996
0.360499767893
0.0390794405811
0.0
0.0
0.251080912072
0.760275196296
0.481783960695
0.0
0.342765569355
0.323629168625
0.433739487497
0.0
0.308905937906
0.0
0.0
0.0
0.0
0.0998435161669
0.319327017938
0.148508939985
0.0
0.0884567134054
0.51917383381
0.0
0.186617514797
0.551364332684
0.205081835537
0.0
0.046090884492
0.467628744263
0.184876339927
0.0924592577093
0.320215708923
0.671349678467
0.0246041213263
0.117602914522
0.000935178940868
0.0
0.858288272396
0.0262419535573
0.317067515336
0.0
0.477563578964
0.0
0.0427154725788
0.0319249738314
0.460217857282
0.0737420848504
0.0288050221818
0.0
0.0333620716698
0.477001009619
0.264699882471
0.0120347848935
0.355641855202
0.155605688524
0.159324338905
0.16837815215
0.276653465468
0.0
0.136529038489
0.0
0.268199013319
0.0935021849347
0.507409043399
0.152242357235
0.862335770837
0.826001597576
0.63489498555
0.358839103285
0.107232103773
0.977479351213
0.126353600549
0.638169930637
0.409313567673
0.514252701006
0.0
0.792177220128
0.0
0.362737976908
0.799815815703
0.33125200978
0.567505676749
0.0183464765836
0.318699259167
0.0462261743235
0.679411042252
0.578428153199
0.0
0.0560237197816
0.0
0.436742581612
0.239035901916
0.105658408717
0.0
0.0
0.582088924848
0.0413528898417
0.193376390562
0.108386535753
0.0
0.0305707273293
0.0506880728753
0.837668915355
0.108732420755
0.132426815307
0.666839880331
0.013338014063
0.2908049418
0.58073710387
0.731560940253
0.130441159902
0.0402139721031
0.395978120161
0.458535842999
0.0
0.0594629697413
0.122062352555
0.234254569007
0.478695442514
0.278481932383
0.566543245036
0.0360235169305
0.273396663026
0.464840341085
0.321444150837
0.75408569454
0.020345142283
0.625302411834
0.164425053144
0.798171011579
0.0
0.127584736273
0.775152442921
0.0
0.637563066573
0.218986816445
0.28725620188
0.0209522464795
0.0438820300585
0.915718486291
0.135705398824
0.773643491173
0.151765642624
0.587783989511
0.788186258458
0.0
0.0298005983395
0.158067205234
0.0124257554544
0.476565841286
0.00818345359772
0.678014923036
0.587711319087
0.637384127908
0.6564884279
0.888609035443
0.0326146485365
0.510551502239
0.541826436027
0.0
0.370953775413
0.613091019335
0.0440358466569
0.192684659231
0.112167891301
0.0
0.998883254863
0.126184511743
0.431976443524
0.804495061521
0.118397422615
0.585875774535
0.339702982039
0.178169077616
0.422813179497
1.0
0.309413634095
0.140590932821
0.128193409061
0.0
0.24991263325
0.0
0.0
0.0963648526192
0.273041782416
0.502069013451
0.0
0.0
0.856668289004
0.718972933307
0.336489038947
0.0
0.131838224399
0.0
0.575378040913
0.0513111970122
0.343586495155
0.630006902303
0.133143584513
0.438172745379
0.0
0.102786320628
0.0231497689714
0.239683232871
0.0720307111509
0.699807651947
0.456821263319
0.578743968421
0.101855797438
0.300838251465
0.0
0.118845097764
0.0
0.0
0.145205969824
0.622805074929
0.140435784822
0.250061108773
0.0839355942986
0.0
0.29998680853
0.0
0.18645518102
0.0673406988823
0.276370974498
0.675160925047
0.12508152872
0.122038383405
0.0
0.0
0.673979192395
0.33726174684
0.474428108702
0.144651381159
0.447801137815
0.0479517688105
0.618206916068
0.451829163888
0.723809639638
0.123190637783
0.431630391161
0.034732860376
0.352449201506
0.430552131857
0.306295600162
0.0
0.24650307562
0.109483355378
0.0
0.293269806521
0.0795658402717
0.511920004512
0.167157836285
0.146035651943
0.141444556578
0.135140274075
0.164355575587
0.0
0.545893655007
0.0
0.0223907335652
0.0
0.75450788516
0.0255119664848
0.126469256029
0.314448809926
0.325354843731
0.21043096042
0.439910070021
0.224028001082
0.207377779895
0.0
0.367279832224
0.213787883926
0.0
0.498054127928
0.556325279394
0.51189156398
0.0
0.0189893902994
0.0
1.0
0.435713089114
0.178873879294
0.162475863076
0.42161302468
0.40522155849
0.0248081839892
0.0243089004007
0.0
0.381837165718
0.0
0.299146977825
0.0645047838955
0.419014488124
0.610435880896
1.0
0.463405169497
0.37909735524
0.156413654951
0.0901267545704
0.199076595509
0.0
0.389195373554
0.0
0.0
0.0
0.0
0.434811740312
0.0498811078793
0.381714461494
0.683769679195
0.360816902662
0.726929729622
0.496714870583
0.315413627617
0.0159553897279
0.756758313885
0.70446747964
0.0
0.0
0.510139755039
0.0996001920523
0.0
0.0477145580574
0.596416416449
0.612185252671
0.0
0.585973367379
0.0
0.817000826563
0.285784934048
0.452290903412
0.135875593853
0.0859469159253
0.254799214447
0.0
0.0549228960214
0.0906510969953
0.0
0.590524929722
0.0884313442708
0.086101565357
0.0
0.426230679911
0.091022691458
0.0
0.0
0.0
0.0
0.0484817340822
0.0
0.215830275728
0.280908106284
0.653694124076
0.439440117616
0.0
0.0239789525519
0.442900335941
0.0
0.567253430284
0.159118884362
0.125768152933
0.0405162810341
0.0
0.222870762953
0.145832610529
0.735141999341
0.24876750778
0.131223806176
0.426823511207
0.177183738595
0.0306475446103
0.860586102024
0.0
0.305084712369
0.543201096546
0.459530117324
0.449565213032
0.0
0.145032486567
0.0
0.134575626321
0.591082424302
0.55983814769
0.29950925527
0.301248805337
0.0
0.0957903577561
0.135182561515
0.130568578719
0.651806735919
0.0870950233409
0.0
0.0
0.0245006896938
0.672271533533
0.0232216357081
0.306370860465
0.116070225358
0.0123783270063
0.211875249977
0.0
0.0449325943574
0.32811851062
0.479119634591
0.0
0.109180257832
0.0
0.299251992048
0.0903388569602
0.351817823368
0.0
0.163879027315
0.556642825917
0.171465428911
0.0
0.506183027105
0.742425708188
0.445152253373
0.0
0.0266240381324
0.0745865784022
0.367520123944
0.24129147327
0.0
0.436599821422
0.338006730082
0.0
0.935226424893
0.0259857622195
0.0
0.495553999283
0.524908256699
0.26873557384
0.653879114291
0.0
0.36644751549
0.0
0.150977997426
0.0
0.0
0.0
0.151043851369
0.177028737188
0.00618990328149
0.135392727806
0.110084731101
0.0796110449138
0.680258017144
0.0
0.798478866455
0.580317692186
0.262555339424
0.136184254717
0.389987510312
0.33482107026
0.525521161623
0.0
0.658404852283
0.0
0.787470703989
0.00973071544492
0.18769316357
0.829120088244
0.0
0.215955426038
0.5038869344
0.537694319258
0.522283323005
0.0953467926844
0.443228289061
0.498937928897
0.71852314556
0.115333516695
0.0488745642072
0.0376342558434
0.0396356527603
0.0206300720451
0.0
0.0659300606262
0.0
0.2832993406
0.64990483158
0.0
0.178127165598
0.0
0.0980714180339
0.429470262088
0.0
0.0
0.608634891022
0.384573142649
0.402401868441
0.119003722678
0.0564759607261
0.487932603458
0.0
0.0581926090678
0.350799272549
0.489580135404
0.0281151266784
0.0
0.432237582591
0.217466083972
0.0313329289182
0.0262434465339
0.0
0.136605217958
0.0
0.0
0.0
0.0469864884347
0.292230992072
0.100882648062
0.0474976012823
0.374301908391
0.740083626891
0.0237457363988
0.151011171673
0.401506114561
0.0347617608922
0.133344950171
0.193833853425
0.147847370645
0.0
0.256903093788
0.0
0.0
0.0
0.0
0.0
0.370714928329
0.347891624535
0.123153338988
0.0757298120668
0.419287833476
0.0478313219606
0.109765541946
0.126023715747
0.354347819907
0.872704718839
0.133187043054
0.0
0.064143155141
0.0
0.0450793016356
0.0
0.0
0.619826960705
0.00890360472873
0.106717419477
0.148545026131
0.0560703688501
0.0209354560757
0.618611763342
0.826196319185
0.0
0.0
0.922920718391
0.538019261485
0.141271500575
0.575970302985
0.226267235035
0.0
0.117451018038
0.679205615873
0.303732824437
0.0
0.834953227991
0.140707460244
0.161170136598
0.132813069297
0.573144422024
0.0281616997578
0.13465329846
0.161107841839
0.372812164659
0.433194143882
0.600068620526
0.0
0.643640419594
0.381784784441
0.344211483489
0.121156682436
0.0
0.145624469348
0.0
0.0
0.0398122541776
0.737008936276
0.130149473053
0.0116852714704
0.677027748659
0.597779041463
0.0696417933375
0.301768774794
0.173977321603
0.56560712928
0.140285794504
0.189416045769
0.472100080828
0.661077040845
0.209991608535
0.0748303194193
0.296860542224
0.440844836626
0.941179278908
0.385873315339
0.804508349069
0.163499715351
0.0565373482285
0.3096444127
0.507240115592
0.585635927951
0.131966413017
0.619147012969
0.364953269889
0.0
0.121581347956
0.793520539141
0.290437871808
0.0
0.287582251379
0.673159890048
0.0125205893579
0.0312952270832
0.33223537453
0.560666437665
0.536164179028
0.978448074016
0.130023376936
0.0
0.0
0.396160904837
0.644366257105
0.560528047378
0.802243305284
0.0
0.528144959843
0.1424961617
0.712082377824
0.0457739573871
0.0420732499825
0.306543184373
0.63369252325
0.104754118324
0.132594823181
0.647450582737
0.0
0.0
0.157916941001
0.282517270822
0.581839669408
0.557036176434
0.137817222419
0.0
0.107717365666
0.0
0.470366862887
0.355210723016
0.120283020304
0.142463981726
0.884514678992
0.397802753075
0.0329473820308
0.631721855535
0.473008139109
0.0
0.463057863819
0.14407449864
0.0115192719044
0.421722407178
0.51662545077
0.815989653595
0.448792517727
0.0315456081129
0.209055308564
0.272526492959
0.0301737948129
0.0127648448416
0.452429392035
0.726202103904
0.608896779924
0.870689151807
0.651830853445
0.355356024941
0.297995469177
0.0
0.0
0.314783689987
0.562220498432
0.0278818550161
0.270193649476
0.0243023556374
0.0
0.470392542059
0.0
0.669332744996
0.311446443978
0.0
0.828110816296
0.0
0.0335544890222
0.0
0.186214521683
0.566512191286
0.0
0.241795076468
0.308176106646
0.0
0.0314940049616
0.0202191056427
0.623619391613
0.553198498958
0.0327055419204
0.405097126954
0.487706512177
0.456803839077
0.842331454141
0.0165883199612
0.329387065697
0.423351347012
0.295824668755
0.391046832526
0.648854961263
0.0761342488864
0.563972259909
0.583834184772
0.186772347814
0.628814461164
0.360023198234
0.406547922163
0.0
0.295242214203
0.0
0.0
0.529473644411
0.0
0.319074113052
0.383893083207
0.442150194032
0.602214231499
0.133277887843
0.439707085049
0.0
0.374304169435
0.358815199562
0.0
0.0
0.59296111336
0.744230829428
0.0
0.779291959792
0.332342442002
0.0320325561187
0.290643889404
0.618903165558
0.0377546069427
0.100306885296
0.204602502487
0.142833381289
0.620946283089
0.0
0.664262527609
0.0976656402009
0.0433532188406
0.0268764122343
0.158733764655
0.0149914367775
0.500665422467
0.974341216496
0.412874062461
0.0
0.102290291636
0.0876764637663
0.0
0.111527792986
0.658910440776
0.0811749798279
0.400261393315
0.0367841640911
0.294878027317
0.700631676387
0.0411557269357
0.666182690217
0.136184254717
0.67120649782
0.283920154221
0.679062503243
0.730008589299
0.379591064577
0.685634172161
0.0
0.307917264972
0.0
0.0836445928151
0.114254327908
0.498598982096
0.153532232204
0.0
0.117235004428
0.559252774577
0.105508126006
0.192223491678
0.0
0.101256023841
0.0486172107467
0.239747962091
0.0109433652234
0.241694971844
0.0423942870722
0.0435592660148
0.0
0.250369418713
0.586083749769
0.0
0.189772140648
0.524878400627
0.633851678347
0.489715239277
0.0
0.0
0.11242559627
0.0
0.0578168481211
0.16816339927
0.0439634209525
0.0349259461458
0.429132057125
0.0
0.0
0.0223980696917
0.225378913574
0.0
0.0
0.694398873146
0.020874863496
0.726072960432
0.0290625585941
0.759160355476
0.667561137697
0.0
0.62313791961
0.0
0.0221223431076
0.843211726719
0.0
0.140275173087
0.114230730743
0.357181662421
0.807323156103
0.150772422617
0.0
0.0
0.0
0.0
0.595482123702
0.183696215
0.33756639348
0.846271941142
0.445293266299
0.146651791009
0.310811008328
0.0735471698321
0.153702954747
0.317408006801
0.125075570435
0.618794345387
0.244694984404
0.0217712620675
0.163417950027
0.0382683356131
0.136579808011
0.369656919214
0.166299948981
0.592261871757
0.0481779854367
0.264937267342
0.348981397251
0.0
0.12720766238
0.742947331295
0.0
0.16665495901
0.140599141159
0.164246347785
0.12372371839
0.423780240425
0.766350189213
0.152947870714
0.375597138615
0.0
0.431156831602
0.846030690539
0.396100148521
0.677288697038
0.197527985052
0.515022030777
0.266949168889
0.0
0.474043449493
0.0359886573749
0.0263011999204
0.123224695896
0.0
0.306313032719
0.680637445403
0.276002273691
0.0463899731527
0.915531697398
0.3332042618
0.104363801019
0.0368644543919
0.529221236159
0.686065938276
0.403438418583
0.0
0.630395567282
0.0302505043142
0.344695433858
0.77823329436
0.0
0.0
0.122773057389
0.0
0.43571888846
0.737829611232
0.301949151482
0.384182620116
0.33782626681
0.324915607833
0.72977380308
0.49098925398
0.177501446601
0.0
0.541501420523
0.0
0.338438843338
0.214921197888
0.0
0.284666272031
0.459372595377
0.0
0.10690883228
1.0
0.701769813722
0.0
0.0
0.0
0.0
0.633041698173
0.00904694907264
0.502726044498
0.429278632155
0.45316771083
0.932406306814
0.279750376935
0.0261109857464
0.0237460492336
0.166817157235
0.0997700181356
0.824459908298
0.192962154508
0.795653287218
0.0
0.0
0.312368201226
0.0520847658436
0.0
0.460313233301
0.0
0.0
0.270286244368
0.49574642299
0.358238240338
0.667626756255
0.33800614073
0.268267900619
0.427218166894
0.12505023609
0.0
0.484652261691
0.451062593893
0.0
0.0278541752222
0.0205685234865
0.0
0.015931602562
0.470597241087
0.432977697982
0.268908053305
0.0576402308676
0.318053177669
0.600813469367
0.386311848009
0.00224457917324
0.0
0.0
0.0
0.0
0.272797598757
0.467104221001
0.0
0.230275042179
0.368388371179
0.528028258512
0.797976208101
0.264616023353
0.254580127154
0.330293411829
0.445487698316
0.251468800754
0.0341218170935
0.677269741142
0.121454933094
0.147243049598
0.674559991622
0.0
0.467259667467
0.0
0.0
0.585617977747
0.228073538792
0.393435527334
0.55654938202
0.443521339988
0.0
0.0
0.111617905191
0.762479276456
0.827985329646
0.43047149412
0.440755509111
0.0
0.0
0.169786761446
0.207119384172
0.0274538129209
0.0
0.647600157108
0.0
0.0
0.0
0.511391779882
0.75595369664
0.0909239160415
0.731399957557
0.135206951849
0.0367909371801
0.686898974231
0.0
0.0911277979993
0.591108727347
0.186506515596
0.419311287041
0.678480864881
0.0
0.708221194201
0.0309183568067
0.0
0.0
0.0
0.342133800513
0.316376224686
0.487444674873
0.273823948743
0.0286160946399
0.0
0.531020380729
0.0240764611773
0.247929978689
0.546712883538
0.0
0.870344241735
0.0
0.0
0.09612470262
0.242171989286
0.216511948514
0.585253704843
0.104549105273
0.102597654631
0.293811801268
0.668441109938
0.308721612011
0.510669608682
0.011632822271
0.0
0.182584463349
0.0655305411933
0.0
0.14305378095
0.0
0.0408273739248
0.0
0.0
0.589267409859
0.181000460338
0.191228804998
0.256794749449
0.0376605676841
0.222271670545
0.0
0.0183322678188
0.0
0.0660471374809
0.788335590844
0.126202089597
0.114862745912
0.771857429147
0.658585444952
0.0
0.0
0.0303376065078
0.501668385201
0.123424942516
0.782784032612
0.512440178001
0.327190394517
0.0
0.0960046066157
0.038585511707
0.0
0.605790499297
0.679559034309
0.517659402633
0.519258589033
0.343069391548
0.200864410285
0.331139051564
0.643029955775
0.272538926719
0.454837174804
0.0324581890215
0.157645201806
0.594775785592
0.0321666235436
0.0
0.0
0.0
0.88360441421
0.17098236328
0.457935864809
0.0
0.443306507945
0.130493738721
0.0
0.300499463604
0.107275397591
0.0653072735931
0.0367192947729
0.330226021474
0.198747760649
0.518774598274
0.0
0.0
0.162289484217
0.0297615670979
0.479011164155
0.395471192948
0.23070068123
0.0524347715257
0.70305228188
0.142254367407
0.0
0.141466226611
0.0
0.0
0.0
0.0331016448744
0.0
0.145844776895
0.180659031749
0.825124748436
0.0
0.326554555556
0.186903629685
0.0470302496449
0.0
0.55263770691
0.16228192985
0.236318277973
0.66857542563
0.491335555473
0.0
0.0
0.204545237549
0.125331028207
0.294466250333
0.577385467288
0.346448666703
0.42266351434
0.142464253781
0.0492431613001
0.20368353504
0.311047450331
0.75901412925
0.0
0.497562415035
0.288289477067
0.133606410542
0.0
0.0
0.575952574835
0.0
0.166049010029
0.342425429727
0.0
0.510689978146
0.113031516223
0.36129014836
0.224903120411
0.0
0.687609087721
0.0618995592609
0.241729288567
0.0379056747202
0.980151576027
0.0
0.0
0.437710442811
0.0
0.0
0.0437425055275
0.48397574871
0.259988945833
0.0
0.0
0.0265141530218
0.566511283293
0.570938522602
0.0
0.0536976700757
0.145389473199
0.289107963635
0.477108845517
0.017740696263
0.0322979516224
0.0270082993195
0.572046871796
0.328512618544
0.0
0.729809509634
0.0
0.0342805415806
0.0251087675014
0.322055874104
0.0
0.0775837413683
0.10978681975
0.731534113888
0.0393340798009
0.540929248279
0.815402665239
0.0863122321571
0.507801160422
0.0311539972989
0.800406828073
0.101822738557
0.319517314092
0.151575504153
0.451570720838
0.01955217548
0.0
0.175730152502
0.710663742022
0.0
0.637525693755
0.119268882731
0.0
0.0515354052332
0.676520861688
0.557924206888
0.280805383064
0.657507966146
0.0685932661409
0.845390979813
0.1913731725
0.485133268181
0.0695808651784
0.712630706557
0.0
0.0946230273713
0.548901865147
0.364978797883
0.0147355557475
0.0
0.363149200398
0.235969263551
0.2960358117
0.346762154123
0.0608361435112
0.61786482119
0.0
0.620634277022
0.0164764731081
0.0
0.577329866273
0.554354335466
0.115330423743
0.369122655892
0.0
0.241242681193
0.0
0.0
0.584651870817
0.607533734142
0.356134105197
0.0
0.138782686857
0.187136042414
0.0
0.0
0.338151973801
0.0184584100656
0.504403556975
0.519486371671
0.237543740956
0.0
0.337753431941
0.389150987007
0.633953434742
0.866915079519
0.0
0.0
0.0
0.569539155575
0.566878186651
0.130650678554
0.0
0.165030737851
0.135699165382
0.382367369386
0.0685630296329
0.0
0.310438763236
0.59715456045
0.877191286108
0.0
0.585392368345
0.0803720903388
0.512591274606
0.0
0.0
0.664132041769
0.509751638278
0.13659838427
0.257116115327
0.0432102138112
0.566183251149
0.111690462185
0.14240568243
0.606311445267
0.418055967496
0.0523069579945
0.230509918864
0.0
0.0877941867375
0.043009811214
0.159652685524
0.246522859301
0.0531240166676
0.118165710982
0.301458084242
0.04993013967
0.289877824403
0.316431749454
0.0
0.551049323836
0.118367615675
0.586280753925
0.0334015943965
0.551400225457
0.0440721602608
0.0474851251725
0.0
0.0
0.0423747198504
0.0509666803848
0.0190716651302
0.0
0.132312473622
0.205096529427
0.118600708451
0.259701495847
0.0
0.299203007362
0.48158001692
0.127959928933
0.0
0.563466765001
0.157705760518
0.0
0.0463926728472
0.844085135819
0.0301540272954
0.146728193798
0.585601790596
0.186360625249
0.0
0.527968255949
0.582773579826
0.459797062274
0.0308106380527
0.0
0.110856815516
0.651720141383
0.86033599063
0.38359176828
0.882730630857
0.0
0.0
0.982900314261
0.038016843472
0.0
0.16069963948
0.0984813985706
0.471602295486
0.039299731931
0.175567128245
0.391100653091
0.980148862015
0.0
0.0
0.0625986617711
0.403938960624
0.36922369832
0.412665659356
0.0582481500997
0.659223260471
0.0
0.472449007928
0.284624615996
0.54130736496
0.173008431517
0.0
0.365222129346
0.333666080163
0.0
0.0303672629926
0.506231343195
0.742814428084
0.150897023654
0.374522090567
0.0
0.151056432929
0.170988086119
0.0480417807212
0.0
0.469721965156
0.254222017182
0.453994564434
0.464472564875
0.0
0.194673476066
0.192253849193
0.00783933877936
0.0
0.165759194537
0.193919329698
0.472556332838
0.0
0.0261561746513
0.12284337045
0.543180673459
0.318326242906
0.135053377335
0.273980760021
0.0383570048751
0.609508852057
0.244669611777
0.0
0.462122283863
0.0
0.140833289338
0.1215556301
0.770637595967
0.0
0.0
0.015737950592
0.283060416629
0.696967614042
0.292064166861
0.192567141072
0.766870364128
0.31837839219
0.572303895177
0.772041270301
0.0
0.724075969336
0.0
0.158279111384
0.0568991938037
0.415502824053
0.0
0.0466998711663
0.656121035607
0.165433387549
0.184593348155
0.0
0.279231634769
0.268354651532
0.0
0.495889217763
0.0
0.317614488103
0.280092564927
0.357961978464
0.0267346596604
0.395030414861
0.684509640941
0.0910221761933
0.225153316386
0.116704536375
0.363518574062
0.546627056748
0.0
0.909020766232
0.556278108717
0.179372907337
0.0
0.413656597765
0.355367934648
0.0412702050893
0.863238125165
0.0
0.0
0.243225162201
0.104370080896
0.304409013032
0.678478068564
0.271841835027
0.300337127539
0.0
0.0394997259142
0.588345581261
0.0
0.0
0.610607197379
0.0949736655052
0.00896787854751
0.0
0.0
0.0
0.0
0.481200468688
0.0
0.225447504942
0.614788046266
0.0
0.238174988209
0.312450080291
0.109483355378
0.0353328142284
0.770221313255
0.0769587065504
0.416130469746
0.0479033521892
0.132583756997
0.113867666779
0.244909402935
0.0415013298206
0.307332881877
0.673977752719
0.0217703495458
0.0
0.249899282888
0.0
0.118727033666
0.89527305965
0.188079436642
0.0
0.935959171212
0.487393138283
0.344449736432
0.490246362439
0.0
0.118298527741
0.870489956945
0.0467717560055
0.177675047058
0.353427690428
0.0264357708009
0.245752724256
0.126324707447
0.365132552728
0.499979398197
0.810845947495
0.100731281801
0.000217431923138
0.463478021293
0.311211721652
0.736369667299
0.140018947524
0.236017817089
0.168019947332
0.119114528884
0.590616333623
0.0
0.0670119765894
0.0
0.155359725622
0.629619505169
0.343950786796
0.122731678401
0.435404873193
0.582729406563
0.0248965906646
0.129763559918
0.266656682542
0.0
0.0832009382554
0.361105266653
0.493551821997
0.370182437311
0.0390621778474
0.0220406885012
0.467809710687
0.0623841352582
0.808639406966
0.0401706764632
0.64419196737
0.099844106345
0.385880817769
0.887768049897
0.302562057396
0.0
0.0
0.846026816018
0.0
0.144562507174
0.0178403507297
0.939550524514
0.0
0.0
0.125076207537
0.0
0.925801062563
0.570438679729
0.268266385249
0.656046647148
0.0181661243595
0.291351644797
0.0
0.484710579744
0.562132044052
0.0
0.0
0.0
0.0
0.486518158732
0.332304376686
0.445942329686
0.165749635184
0.0
0.382202968334
0.0
0.731947576775
0.486441103798
0.218824328425
0.0
0.0
0.0495857233117
0.226183940367
0.00611590718273
0.391461334845
0.0
0.23364741768
0.595741741133
0.200373042594
0.0592601978602
0.0402817877971
0.432915596354
0.0799750832082
0.484340475469
0.150794769278
0.0806874110077
0.483747584247
0.125306990978
0.193795118906
0.717670731725
0.141365366359
0.0
0.0452797201387
1.0
0.920993975868
0.967760851109
0.761583543553
0.203939587538
0.0
0.235219941891
0.629987581632
0.244973806112
0.0792368819018
0.0
0.508128724799
0.431851509261
0.129630738817
0.203908965063
0.0
0.156400110926
0.244559110471
0.599936212588
0.788081434072
0.121251627828
0.14326960376
0.162300378296
0.33277831592
0.373644321808
0.188109419247
0.951185463765
0.0
0.55824779221
0.0338616440054
0.116255094758
0.327801227705
0.0585130360776
0.605814524658
0.331752092471
0.64484397643
0.0
0.234654275926
0.450658352144
0.178069011818
1.0
0.300848006932
0.503087430995
0.619547787863
0.282261924912
0.0
0.107849869713
0.0266808605039
0.820232679238
0.152556635048
0.0
0.580827811366
0.436923154066
0.679923928152
0.0
0.132936829455
0.0395854112694
0.177994391114
0.0713102187982
0.0
0.0333198977256
0.291006582168
0.582494669167
0.0423591474569
0.0
0.0
0.130605187288
0.0423640043022
0.242680650879
0.0
0.705193550577
0.524052005328
0.0
0.261066211753
0.711758154016
0.458693418796
0.0
0.566394440927
0.0
0.0
0.438948759031
0.565952284147
0.204212557635
0.0
0.0
0.0
0.136528885026
0.508694681257
0.676546577576
0.787575928383
0.0186402663694
0.0
0.0
0.0862367493952
0.452543696412
0.665871432328
0.359411902866
0.0
0.44448110235
0.0200116376499
0.359695005116
0.852732012392
0.0
0.819399964736
0.347368660318
0.0
0.132940180941
0.0650133698803
0.230651345733
0.10296139275
0.116876750112
0.525903941597
0.0361753169189
0.0
0.39725470243
0.164133483437
0.031099992793
0.560676969171
0.0
0.0727840124209
0.0
0.0
0.0
0.41481218583
0.368733697203
0.0
0.527655046557
0.541361047435
0.0
0.0
0.0408278915387
0.262074020844
0.472877782876
0.192018616788
0.0
0.421925900385
0.704979097369
0.0428389821632
0.417142669399
0.0
0.0200358731614
0.400987111597
0.0171351445788
0.0
1.0
0.277531864081
0.503423208512
0.474711415723
0.0915869911835
0.238126117282
0.374943357398
0.301414184724
0.125247968296
0.138389928
0.0
0.859505035742
0.470930590417
0.148038132929
0.0
0.350323171121
0.740188565205
0.226656627292
0.15322973795
0.0
0.0
0.701768579562
0.350879355397
0.0
0.0
0.0
0.0
0.304695536761
0.159559916179
0.303048051239
0.0
0.690932293025
0.170854248141
0.221749284122
0.0784999680105
0.492268130399
0.628911466964
0.254564109802
0.512201355637
0.0
0.97328576934
0.818927342634
0.114725961399
0.712885195991
0.0
0.29914509065
0.0
0.113727736871
0.344136069182
0.0874918060566
0.678038537295
0.365086675813
0.158188413489
0.314898213129
0.444872954665
0.405189402742
0.119772367824
0.702918863292
0.193089009609
0.162281408156
0.545144376694
0.0
0.016766868022
0.0
0.639658434444
1.0
0.0830327521211
0.149513227061
0.0279296054205
0.156294817076
0.125077671372
0.039658046101
0.282931775307
0.56531041832
0.413433489423
0.746991350997
0.495297826041
0.0
0.0773191251281
0.022535551208
0.743320003621
0.0469374989231
0.359887942782
0.173404629182
0.325901090005
0.545632610209
0.0
0.0
0.299702119587
0.377233215343
0.56049399318
0.0809679793993
0.323135427453
0.406004177545
0.140936705416
0.104296600997
0.0285833867445
0.436798167348
0.0
0.0
0.573661314711
0.3839393645
0.0286420273398
0.346409581196
0.0409389892109
0.244713378592
0.0
0.613998815332
0.0
0.16162291525
0.322304833228
0.138252287277
0.981257926701
0.0177882164974
0.245626478997
0.419536136845
0.0349089253397
0.370918073406
0.0335252870776
0.0478466735401
0.612514318341
0.0
0.0
0.542892292941
0.615263004704
0.14831921718
0.379841699226
